  26.0  30.0            0.00E+00            6.06E-07            0.00E+00            5.84E-06
  40.0  50.0            6.07E-07            3.42E-06            6.39E-06            1.23E-05
  39.0  50.0            3.43E-06            1.23E-05            1.25E-05            2.19E-05
  38.0  50.0            1.24E-05            3.40E-05            2.23E-05            3.57E-05
  37.0  50.0            3.41E-05            3.69E-05            3.63E-05            3.76E-05
  36.0  50.0            3.70E-05            7.73E-05            3.83E-05            5.45E-05
  35.0  50.0            7.74E-05            7.93E-05            5.54E-05            5.61E-05
  34.0  50.0            7.94E-05            1.33E-04            5.70E-05            7.33E-05
  33.0  50.0            1.34E-04            1.81E-04            7.49E-05            8.67E-05
  32.0  50.0            1.82E-04            2.41E-04            8.86E-05            1.02E-04
  49.0  82.0            2.42E-04            2.63E-04            1.07E-04            1.11E-04
  48.0  82.0            2.64E-04            3.15E-04            1.13E-04            1.23E-04
  47.0  82.0            3.16E-04            3.38E-04            1.25E-04            1.29E-04
  46.0  82.0            3.39E-04            4.50E-04            1.31E-04            1.51E-04
  45.0  82.0            4.51E-04            4.60E-04            1.53E-04            1.55E-04
  45.0  83.0            4.61E-04            5.22E-04            1.56E-04            1.66E-04
  43.0  82.0            5.23E-04            5.51E-04            1.69E-04            1.74E-04
  42.0  83.0            5.52E-04            5.97E-04            1.78E-04            1.85E-04
  41.0  82.0            5.98E-04            6.11E-04            1.87E-04            1.89E-04
  41.0  83.0            6.12E-04            6.72E-04            1.90E-04            1.99E-04
  40.0  90.0            6.73E-04            8.70E-04            2.14E-04            2.43E-04
  38.0  90.0            8.71E-04            9.67E-04            2.52E-04            2.66E-04
  37.0  90.0            9.68E-04            1.00E-03            2.71E-04            2.75E-04

