  26.0  30.0            0.00E+00            2.74E-07            0.00E+00            1.75E-06
  39.0  50.0            2.75E-07            1.07E-06            1.89E-06            3.32E-06
  38.0  50.0            1.07E-06            4.34E-06            3.37E-06            6.38E-06
  37.0  50.0            4.35E-06            9.33E-06            6.48E-06            9.32E-06
  36.0  50.0            9.34E-06            1.64E-05            9.47E-06            1.24E-05
  35.0  50.0            1.65E-05            2.54E-05            1.27E-05            1.57E-05
  34.0  50.0            2.55E-05            3.40E-05            1.59E-05            1.84E-05
  33.0  50.0            3.41E-05            3.52E-05            1.87E-05            1.90E-05
  32.0  50.0            3.53E-05            5.61E-05            1.94E-05            2.44E-05
  30.0  50.0            5.62E-05            8.99E-05            2.54E-05            3.20E-05
  46.0  82.0            9.00E-05            9.24E-05            3.35E-05            3.39E-05
  45.0  82.0            9.25E-05            1.04E-04            3.44E-05            3.65E-05
  44.0  82.0            1.05E-04            1.40E-04            3.70E-05            8.06E-05
  43.0  82.0            1.41E-04            1.69E-04            8.22E-05            9.25E-05
  42.0  82.0            1.70E-04            1.95E-04            9.42E-05            1.02E-04
  41.0  82.0            1.96E-04            2.29E-04            1.04E-04            1.13E-04
  40.0  82.0            2.30E-04            2.56E-04            1.15E-04            1.22E-04
  39.0  82.0            2.57E-04            2.62E-04            1.24E-04            1.25E-04
  42.0  90.0            2.63E-04            2.90E-04            1.27E-04            1.33E-04
  41.0  90.0            2.91E-04            3.03E-04            1.36E-04            1.38E-04
  40.0  90.0            3.04E-04            3.49E-04            1.41E-04            1.92E-04
  38.0  90.0            3.50E-04            5.27E-04            1.99E-04            2.55E-04
  36.0  90.0            5.28E-04            5.30E-04            2.65E-04            2.66E-04

