  26.0  30.0            0.00E+00            1.07E-09            0.00E+00            1.10E-08
  28.0  33.0            1.08E-09            2.97E-09            1.12E-08            2.28E-08
  38.0  50.0            2.98E-09            9.04E-08            2.45E-08            2.95E-07
  37.0  50.0            9.05E-08            4.67E-07            3.00E-07            1.02E-06
  36.0  50.0            4.68E-07            1.47E-06            1.03E-06            2.43E-06
  35.0  50.0            1.48E-06            3.59E-06            2.48E-06            4.81E-06
  34.0  50.0            3.60E-06            6.98E-06            4.89E-06            8.04E-06
  33.0  50.0            6.99E-06            1.23E-05            8.18E-06            1.25E-05
  32.0  50.0            1.24E-05            2.05E-05            1.28E-05            1.87E-05
  31.0  50.0            2.06E-05            3.19E-05            1.91E-05            2.65E-05
  31.0  51.0            3.20E-05            3.77E-05            2.69E-05            3.04E-05
  30.0  50.0            3.78E-05            4.16E-05            3.07E-05            3.29E-05
  31.0  52.0            4.17E-05            4.30E-05            3.32E-05            3.39E-05
  30.0  51.0            4.31E-05            5.07E-05            3.42E-05            3.87E-05
  46.0  82.0            5.08E-05            6.43E-05            4.04E-05            4.82E-05
  45.0  82.0            6.44E-05            8.16E-05            4.89E-05            5.84E-05
  44.0  82.0            8.17E-05            1.03E-04            5.93E-05            7.04E-05
  43.0  82.0            1.03E-04            1.27E-04            7.15E-05            8.37E-05
  42.0  82.0            1.28E-04            1.54E-04            8.54E-05            9.81E-05
  41.0  82.0            1.55E-04            2.07E-04            1.00E-04            1.24E-04
  40.0  82.0            2.08E-04            2.41E-04            1.27E-04            1.42E-04
  39.0  83.0            2.42E-04            2.55E-04            1.46E-04            1.51E-04
  40.0  87.0            2.56E-04            2.69E-04            1.54E-04            1.60E-04
  39.0  87.0            2.70E-04            2.98E-04            1.63E-04            1.76E-04
  38.0  90.0            2.99E-04            3.30E-04            1.84E-04            1.98E-04
  38.0  91.0            3.31E-04            3.33E-04            2.00E-04            2.01E-04
  38.0  94.0            3.34E-04            3.41E-04            2.06E-04            2.09E-04
  38.0  95.0            3.42E-04            3.62E-04            2.11E-04            2.20E-04
  38.0  96.0            3.63E-04            4.70E-04            2.22E-04            2.70E-04
  38.0  97.0            4.71E-04            5.10E-04            2.72E-04            2.89E-04

