  26.0  30.0            0.00E+00            2.02E-08            0.00E+00            9.84E-08
  39.0  50.0            2.03E-08            3.17E-08            1.05E-07            1.27E-07
  38.0  50.0            3.18E-08            1.65E-07            1.29E-07            2.74E-07
  37.0  50.0            1.66E-07            5.77E-07            2.79E-07            1.00E-06
  36.0  50.0            5.78E-07            1.66E-06            1.02E-06            2.28E-06
  35.0  50.0            1.67E-06            4.07E-06            2.33E-06            4.94E-06
  34.0  50.0            4.08E-06            7.65E-06            5.03E-06            8.29E-06
  33.0  50.0            7.66E-06            9.92E-06            8.44E-06            1.03E-05
  32.0  50.0            9.93E-06            2.38E-05            1.05E-05            2.08E-05
  30.0  50.0            2.39E-05            5.30E-05            2.16E-05            3.93E-05
  46.0  82.0            5.31E-05            6.41E-05            4.14E-05            4.78E-05
  45.0  82.0            6.42E-05            8.17E-05            4.85E-05            5.83E-05
  44.0  82.0            8.18E-05            1.03E-04            5.92E-05            7.03E-05
  43.0  82.0            1.04E-04            1.27E-04            7.15E-05            8.36E-05
  42.0  82.0            1.28E-04            1.52E-04            8.54E-05            9.67E-05
  41.0  82.0            1.53E-04            1.87E-04            9.86E-05            1.15E-04
  40.0  82.0            1.88E-04            2.24E-04            1.17E-04            1.34E-04
  39.0  82.0            2.25E-04            2.53E-04            1.36E-04            1.49E-04
  41.0  90.0            2.54E-04            2.60E-04            1.54E-04            1.57E-04
  40.0  90.0            2.61E-04            3.02E-04            1.60E-04            1.79E-04
  38.0  90.0            3.03E-04            4.91E-04            1.85E-04            2.66E-04
  36.0  90.0            4.92E-04            5.04E-04            2.76E-04            2.82E-04
 