  26.0  30.0            0.00E+00            1.41E-06            0.00E+00            4.41E-06
  28.0  34.0            1.42E-06            2.50E-06            4.56E-06            5.86E-06
  28.0  35.0            2.51E-06            8.39E-06            5.97E-06            1.05E-05
  28.0  36.0            8.40E-06            1.06E-05            1.06E-05            1.19E-05
  28.0  40.0            1.07E-05            3.45E-05            1.27E-05            2.24E-05
  50.0  82.0            3.46E-05            1.57E-04            2.45E-05            5.15E-05
  46.0  82.0            1.58E-04            1.65E-04            5.44E-05            5.56E-05
  46.0  86.0            1.66E-04            1.87E-04            5.77E-05            6.10E-05
  45.0  86.0            1.88E-04            1.90E-04            6.20E-05            6.23E-05
  42.0  82.0            1.91E-04            2.01E-04            6.34E-05            6.50E-05
  41.0  82.0            2.02E-04            2.07E-04            6.62E-05            6.70E-05
  40.0  82.0            2.08E-04            2.31E-04            6.82E-05            7.19E-05
  39.0  82.0            2.32E-04            2.60E-04            7.33E-05            7.75E-05
  40.0  90.0            2.61E-04            3.70E-04            8.14E-05            1.86E-04
  39.0  90.0            3.71E-04            3.93E-04            1.90E-04            1.97E-04
  39.0  95.0            3.94E-04            4.32E-04            2.05E-04            2.16E-04
  38.0  97.0            4.33E-04            5.72E-04            2.23E-04            2.59E-04


