  41.0  48.0            0.00E+00            3.15E-05            0.00E+00            9.44E-05
  40.0  49.0            3.16E-05            3.38E-04            9.66E-05            2.76E-04
  40.0  50.0            3.39E-04            3.81E-04            2.80E-04            2.96E-04
  35.0  50.0            3.82E-04            7.92E-04            3.18E-04            4.50E-04
  50.0  78.0            7.93E-04            1.11E-03            4.80E-04            5.64E-04
  50.0  82.0            1.12E-03            1.63E-03            5.84E-04            7.00E-04
  48.0  82.0            1.64E-03            2.56E-03            7.19E-04            8.92E-04
  48.0  88.0            2.57E-03            3.88E-03            9.35E-04            1.14E-03
  48.0  91.0            3.89E-03            4.02E-03            1.17E-03            1.19E-03
  48.0  93.0            4.03E-03            4.37E-03            1.21E-03            1.25E-03
  47.0  95.0            4.38E-03            5.66E-03            1.29E-03            1.46E-03
  40.0  91.0            5.67E-03            5.87E-03            1.58E-03            1.61E-03
  56.0 133.0            5.88E-03            6.68E-03            1.67E-03            1.78E-03
