  28.0  31.0            0.00E+00            6.34E-06            0.00E+00            4.08E-05
  40.0  49.0            6.35E-06            4.51E-05            4.53E-05           9.75E-05
  39.0  51.0            4.52E-05            1.92E-04            1.01E-04            1.94E-04
  39.0  53.0            1.93E-04            2.60E-04            1.99E-04            2.29E-04
  33.0  47.0            2.61E-04            5.70E-04            2.34E-04            3.40E-04
  33.0  50.0            5.71E-04            6.64E-04            3.53E-04            3.79E-04
  49.0  82.0            6.65E-04            2.20E-03            4.08E-04            7.28E-04
  48.0  86.0            2.21E-03            2.74E-03            7.61E-04            8.45E-04
  48.0  91.0            2.75E-03            3.75E-03            8.78E-04            1.02E-03
  45.0  91.0            3.76E-03            4.07E-03            1.07E-03            1.11E-03
  42.0  89.0            4.08E-03            4.30E-03            1.14E-03            1.17E-03
  56.0 135.0            4.31E-03            5.02E-03            1.29E-03            1.39E-03
  55.0 139.0            5.03E-03            5.23E-03            1.44E-03            1.47E-03


