  26.0  30.0            0.00E+00            9.91E-08            0.00E+00            6.07E-07
  28.0  34.0            9.92E-08            2.87E-07            6.26E-07            9.79E-07
  28.0  35.0            2.88E-07            1.80E-06            9.97E-07            2.32E-06
  28.0  36.0            1.81E-06            2.39E-06            2.36E-06            2.70E-06
  28.0  40.0            2.40E-06            9.68E-06            2.87E-06            5.67E-06
  50.0  82.0            9.69E-06            8.87E-05            6.20E-06            5.71E-05
  46.0  82.0            8.99E-05            9.43E-05            6.06E-05            6.25E-05
  45.0  82.0            9.44E-05            9.82E-05            6.34E-05            6.49E-05
  44.0  82.0            9.83E-05            1.11E-04            6.58E-05            7.06E-05
  43.0  82.0            1.12E-04            1.15E-04            7.19E-05            7.30E-05
  42.0  82.0            1.16E-04            1.32E-04            7.44E-05            7.95E-05
  41.0  82.0            1.33E-04            1.39E-04            8.11E-05            8.29E-05
  40.0  82.0            1.40E-04            1.83E-04            8.46E-05            1.10E-04
  39.0  82.0            1.84E-04            2.42E-04            1.12E-04            1.41E-04
  40.0  90.0            2.43E-04            2.49E-04            1.48E-04            1.51E-04
  39.0  90.0            2.50E-04            2.96E-04            1.54E-04            1.68E-04
  38.0  90.0            2.97E-04            3.46E-04            1.72E-04            2.00E-04
  38.0  97.0            3.47E-04            5.08E-04            2.11E-04            2.87E-04


