  26.0  30.0            0.00E+00            1.49E-06            0.00E+00            6.83E-06
  39.0  50.0            1.50E-06            3.90E-06            7.43E-06            1.11E-05
  38.0  50.0            3.91E-06            1.33E-05            1.13E-05            1.96E-05
  37.0  50.0            1.34E-05            2.73E-05            2.00E-05            2.80E-05
  36.0  50.0            2.74E-05            5.07E-05            2.84E-05            3.82E-05
  35.0  50.0            5.08E-05            7.95E-05            3.89E-05            4.83E-05
  34.0  50.0            7.96E-05            1.08E-04            4.91E-05            5.70E-05
  33.0  50.0            1.09E-04            1.25E-04            5.80E-05            6.23E-05
  33.0  51.0            1.26E-04            1.27E-04            6.33E-05            6.36E-05
  32.0  50.0            1.28E-04            1.81E-04            6.42E-05            7.61E-05
  30.0  50.0            1.82E-04            1.84E-04            7.94E-05            7.98E-05
  48.0  82.0            1.85E-04            2.11E-04            8.18E-05            8.72E-05
  47.0  82.0            2.12E-04            2.58E-04            8.86E-05            9.76E-05
  46.0  82.0            2.59E-04            3.02E-04            9.91E-05            1.07E-04
  45.0  82.0            3.03E-04            3.46E-04            1.09E-04            1.16E-04
  44.0  82.0            3.47E-04            3.95E-04            1.18E-04            1.25E-04
  43.0  82.0            3.96E-04            4.37E-04            1.27E-04            1.34E-04
  42.0  82.0            4.38E-04            4.76E-04            1.36E-04            1.42E-04
  39.0  82.0            4.77E-04            5.40E-04            1.49E-04            1.58E-04
  42.0  91.0            5.41E-04            6.03E-04            1.62E-04            1.71E-04
  40.0  90.0            6.04E-04            6.55E-04            1.75E-04            1.83E-04
  38.0  90.0            6.56E-04            7.29E-04            1.89E-04            1.99E-04
  37.0  90.0            7.30E-04            7.51E-04            2.03E-04            2.06E-04

