  26.0  30.0            0.00E+00            3.10E-09            0.00E+00            2.22E-08
  39.0  50.0            3.11E-09            3.29E-09            2.38E-08            2.46E-08
  38.0  50.0            3.30E-09            9.12E-08            2.50E-08            2.92E-07
  37.0  50.0            9.13E-08            4.68E-07            2.96E-07            1.01E-06
  36.0  50.0            4.69E-07            1.48E-06            1.03E-06            2.43E-06
  35.0  50.0            1.49E-06            3.59E-06            2.48E-06            4.80E-06
  34.0  50.0            3.60E-06            6.99E-06            4.89E-06            8.04E-06
  33.0  50.0            7.00E-06            1.23E-05            8.18E-06            1.25E-05
  32.0  50.0            1.24E-05            2.05E-05            1.28E-05            1.86E-05
  31.0  50.0            2.06E-05            3.04E-05            1.91E-05            2.55E-05
  30.0  50.0            3.05E-05            5.05E-05            2.61E-05            3.81E-05
  46.0  82.0            5.06E-05            6.43E-05            4.03E-05            4.82E-05
  45.0  82.0            6.44E-05            8.16E-05            4.89E-05            5.84E-05
  44.0  82.0            8.17E-05            1.03E-04            5.92E-05            7.04E-05
  43.0  82.0            1.03E-04            1.27E-04            7.15E-05            8.37E-05
  42.0  82.0            1.28E-04            1.54E-04            8.54E-05            9.81E-05
  41.0  82.0            1.55E-04            2.07E-04            1.00E-04            1.24E-04
  40.0  82.0            2.08E-04            2.39E-04            1.27E-04            1.41E-04
  41.0  90.0            2.40E-04            2.46E-04            1.48E-04            1.51E-04
  40.0  90.0            2.47E-04            3.36E-04            1.54E-04            1.94E-04
  38.0  90.0            3.37E-04            4.62E-04            2.01E-04            2.54E-04
  36.0  90.0            4.63E-04            5.03E-04            2.64E-04            2.81E-04