  38.0  47.0            0.00E+00            6.77E-04            0.00E+00            5.32E-04
  33.0  44.0            6.78E-04            7.11E-04            5.52E-04            5.64E-04
  39.0  52.0            7.12E-04            7.43E-04            5.69E-04            5.80E-04
  36.0  54.0            7.44E-04            4.18E-03            6.20E-04            1.41E-03
  32.0  54.0            4.19E-03            6.20E-03            1.52E-03            1.84E-03
  31.0  56.0            6.21E-03            6.61E-03            1.92E-03            1.98E-03
  31.0  58.0            6.62E-03            1.05E-02            2.02E-03            2.54E-03
  38.0  87.0            1.06E-02            1.08E-02            2.92E-03            2.95E-03
  36.0  86.0            1.09E-02            1.17E-02            3.04E-03            3.06E-03
  64.0 145.0            1.18E-02            1.34E-02            3.10E-03            3.30E-03
