  26.0  30.0            0.00E+00            2.70E-08            0.00E+00            2.15E-07
  28.0  34.0            2.71E-08            1.42E-07            2.21E-07            4.44E-07
  28.0  35.0            1.43E-07            7.22E-07            4.53E-07            9.59E-07
  28.0  36.0            7.23E-07            1.00E-06            9.75E-07            1.14E-06
  28.0  40.0            1.01E-06            6.38E-06            1.21E-06            5.91E-06
  50.0  82.0            6.39E-06            8.47E-05            6.47E-06            5.50E-05
  50.0  86.0            8.48E-05            8.48E-05            5.67E-05            5.67E-05
  46.0  82.0            8.49E-05            9.00E-05            5.80E-05            5.99E-05
  45.0  82.0            9.01E-05            9.28E-05            6.07E-05            6.17E-05
  50.0  86.0            9.29E-05            9.31E-05            6.21E-05            6.22E-05
  46.0  82.0            9.32E-05            9.32E-05            6.35E-05            6.35E-05
  45.0  82.0            9.33E-05            9.33E-05            6.44E-05            6.44E-05
  44.0  82.0            9.34E-05            1.07E-04            6.53E-05            7.12E-05
  43.0  82.0            1.08E-04            1.10E-04            7.26E-05            7.34E-05
  42.0  82.0            1.11E-04            1.29E-04            7.49E-05            8.49E-05
  41.0  82.0            1.30E-04            1.37E-04            8.66E-05            8.93E-05
  40.0  82.0            1.38E-04            1.82E-04            9.11E-05            1.14E-04
  39.0  82.0            1.83E-04            2.37E-04            1.16E-04            1.39E-04
  40.0  90.0            2.38E-04            2.42E-04            1.46E-04            1.51E-04
  39.0  90.0            2.43E-04            2.98E-04            1.54E-04            1.78E-04
  38.0  90.0            2.99E-04            3.38E-04            1.82E-04            2.00E-04
  38.0  97.0            3.39E-04            5.03E-04            2.11E-04            2.87E-04


