  26.0  30.0            0.00E+00            7.47E-08            0.00E+00            4.41E-07
  39.0  50.0            7.48E-08            1.97E-07            4.74E-07            7.11E-07
  38.0  50.0            1.98E-07            9.45E-07            7.23E-07            1.48E-06
  37.0  50.0            9.46E-07            2.09E-06            1.50E-06            2.19E-06
  36.0  50.0            2.10E-06            3.74E-06            2.23E-06            2.95E-06
  35.0  50.0            3.75E-06            5.78E-06            3.00E-06            3.71E-06
  34.0  50.0            5.79E-06            1.01E-05            3.78E-06            9.56E-06
  33.0  50.0            1.02E-05            1.16E-05            9.77E-06            1.05E-05
  32.0  50.0            1.17E-05            2.60E-05            1.08E-05            2.12E-05
  30.0  50.0            2.61E-05            5.63E-05            2.21E-05            3.93E-05
  46.0  82.0            5.64E-05            6.60E-05            4.13E-05            4.49E-05
  45.0  82.0            6.61E-05            8.48E-05            4.55E-05            5.83E-05
  44.0  82.0            8.49E-05            1.04E-04            5.92E-05            6.62E-05
  43.0  82.0            1.05E-04            1.30E-04            6.73E-05            8.25E-05
  42.0  82.0            1.31E-04            1.55E-04            8.41E-05            9.80E-05
  41.0  82.0            1.56E-04            1.88E-04            9.99E-05            1.12E-04
  40.0  82.0            1.89E-04            2.23E-04            1.14E-04            1.32E-04
  39.0  82.0            2.24E-04            2.53E-04            1.34E-04            1.44E-04
  41.0  90.0            2.54E-04            2.73E-04            1.49E-04            1.62E-04
  40.0  90.0            2.74E-04            3.03E-04            1.65E-04            1.75E-04
  38.0  90.0            3.04E-04            4.95E-04            1.82E-04            2.67E-04
  36.0  90.0            4.96E-04            5.09E-04            2.77E-04            2.82E-04

