  26.0  30.0            0.00E+00            1.85E-08            0.00E+00            8.92E-08
  39.0  50.0            1.86E-08            2.81E-08            9.53E-08            1.14E-07
  38.0  50.0            2.82E-08            1.49E-07            1.16E-07            2.47E-07
  37.0  50.0            1.50E-07            5.47E-07            2.52E-07            9.27E-07
  36.0  50.0            5.48E-07            1.67E-06            9.43E-06            2.58E-06
  35.0  50.0            1.68E-06            4.01E-06            2.63E-06            5.11E-06
  34.0  50.0            4.02E-06            7.55E-06            5.21E-06            8.36E-06
  33.0  50.0            7.56E-06            1.03E-05            8.51E-06            1.06E-05
  32.0  50.0            1.04E-05            2.40E-05            1.08E-05            2.07E-05
  30.0  50.0            2.41E-05            5.26E-05            2.16E-05            3.91E-05
  46.0  82.0            5.27E-05            6.43E-05            4.12E-05            4.78E-05
  45.0  82.0            6.44E-05            8.17E-05            4.85E-05            5.80E-05
  44.0  82.0            8.18E-05            1.03E-04            5.89E-05            7.03E-05
  43.0  82.0            1.04E-04            1.27E-04            7.15E-05            8.36E-05
  42.0  82.0            1.28E-04            1.52E-04            8.52E-05            9.70E-05
  41.0  82.0            1.53E-04            1.89E-04            9.90E-05            1.16E-04
  40.0  82.0            1.90E-04            2.28E-04            1.18E-04            1.36E-04
  39.0  82.0            2.29E-04            2.40E-04            1.38E-04            1.43E-04
  40.0  89.0            2.41E-04            3.12E-04            1.49E-04            1.81E-04
  38.0  90.0            3.13E-04            4.85E-04            1.89E-04            2.64E-04
  36.0  90.0            4.86E-04            5.04E-04            2.74E-04            2.81E-04

