  26.0  30.0            0.00E+00            7.63E-07            0.00E+00            5.80E-06
  40.0  50.0            7.64E-07            3.45E-06            6.29E-06            1.14E-05
  38.0  50.0            3.46E-06            3.10E-05            1.17E-05            3.18E-05
  38.0  51.0            3.11E-05            3.56E-05            3.22E-05            3.43E-05
  36.0  50.0            3.57E-05            6.09E-05            3.50E-05            4.53E-05
  35.0  50.0            6.10E-05            8.99E-05            4.60E-05            5.56E-05
  34.0  50.0            9.00E-05            1.26E-04            5.65E-05            6.66E-05
  33.0  50.0            1.27E-04            1.53E-04            6.81E-05            7.45E-05
  33.0  51.0            1.54E-04            1.61E-04            7.57E-05            7.73E-05
  32.0  50.0            1.62E-04            1.95E-04            7.81E-05            8.55E-05
  32.0  51.0            1.96E-04            2.06E-04            8.68E-05            8.89E-05
  48.0  82.0            2.07E-04            2.44E-04            9.36E-05            1.01E-04
  47.0  82.0            2.45E-04            3.03E-04            1.03E-04            1.14E-04
  46.0  82.0            3.04E-04            3.60E-04            1.16E-04            1.26E-04
  45.0  82.0            3.61E-04            4.17E-04            1.28E-04            1.37E-04
  44.0  82.0            4.18E-04            4.71E-04            1.40E-04            1.48E-04
  43.0  82.0            4.72E-04            5.06E-04            1.50E-04            1.56E-04
  41.0  82.0            5.07E-04            5.76E-04            1.61E-04            1.71E-04
  41.0  87.0            5.77E-04            7.02E-04            1.78E-04            1.96E-04
  39.0  88.0            7.03E-04            7.09E-04            2.05E-04            2.06E-04
  38.0  90.0            7.10E-04            8.79E-04            2.13E-04            2.37E-04


