  26.0  30.0            0.00E+00            1.74E-09            0.00E+00            1.77E-08
  28.0  34.0            1.75E-09            1.91E-08            1.82E-08            5.01E-08
  28.0  35.0            1.92E-08            1.63E-07            5.11E-08            4.34E-07
  28.0  36.0            1.64E-07            3.53E-07            4.43E-07            7.52E-07
  28.0  40.0            3.54E-07            5.41E-06            8.00E-07            6.45E-06
  50.0  82.0            5.42E-06            8.38E-05            7.11E-06            5.58E-05
  46.0  82.0            8.39E-05            8.92E-05            5.88E-05            6.16E-05
  45.0  82.0            8.93E-05            9.22E-05            6.25E-05            6.39E-05
  44.0  82.0            9.23E-05            1.06E-04            6.49E-05            7.20E-05
  43.0  82.0            1.07E-04            1.10E-04            7.35E-05            7.51E-05
  42.0  82.0            1.11E-04            1.29E-04            7.67E-05            8.59E-05
  41.0  82.0            1.30E-04            1.47E-04            8.77E-05            9.62E-05
  40.0  82.0            1.48E-04            1.97E-04            9.82E-05            1.22E-04
  39.0  82.0            1.98E-04            2.27E-04            1.24E-04            1.38E-04
  39.0  83.0            2.28E-04            2.28E-04            1.39E-04            1.39E-04
  40.0  90.0            2.29E-04            2.45E-04            1.45E-04            1.53E-04
  39.0  90.0            2.46E-04            3.24E-04            1.56E-04            1.92E-04
  38.0  89.0            3.25E-04            3.31E-04            1.94E-04            1.97E-04
  38.0  97.0            3.32E-04            5.00E-04            2.09E-04            2.85E-04
 