  39.0  50.0            0.00E+00            6.52E-05            0.00E+00            7.89E-05
  38.0  51.0            6.53E-05            1.19E-04            8.10E-05            1.07E-04
  36.0  50.0            1.20E-04            2.84E-04            1.10E-04            1.66E-04
  35.0  51.0            2.85E-04            3.05E-04            1.71E-04            1.76E-04
  34.0  51.0            3.06E-04            3.53E-04            1.80E-04            1.93E-04
  34.0  52.0            3.54E-04            4.26E-04            1.95E-04            2.14E-04
  50.0  82.0            4.27E-04            5.65E-04            2.25E-04            2.58E-04
  49.0  82.0            5.66E-04            7.00E-04            2.61E-04            2.90E-04
  48.0  82.0            7.01E-04            1.12E-03            2.93E-04            3.69E-04
  47.0  85.0            1.13E-03            1.24E-03            3.84E-04            4.02E-04
  43.0  82.0            1.25E-03            1.56E-03            4.17E-04            4.65E-04
  44.0  87.0            1.57E-03            1.58E-03            4.78E-04            4.79E-04
  41.0  83.0            1.59E-03            1.83E-03            4.88E-04            5.23E-04
  40.0  90.0            1.84E-03            2.19E-03            5.63E-04            6.14E-04
  37.0  90.0            2.09E-03            2.57E-03            6.33E-04            7.00E-04
