  34.0  40.0            0.00E+00            1.39E-05            0.00E+00            8.54E-05
  31.0  40.0            1.40E-05            7.68E-04            8.88E-05            4.99E-04
  38.0  53.0            7.69E-04            1.54E-03            5.26E-04            7.33E-04
  33.0  52.0            1.55E-03            2.12E-03            7.87E-04            9.16E-04
  33.0  56.0            2.13E-03            4.62E-03            9.61E-04            1.40E-03
  48.0  85.0            4.63E-03            5.17E-03            1.45E-03            1.53E-03
  49.0  94.0            5.18E-03            5.23E-03            1.62E-03            1.62E-03
  47.0  91.0            5.24E-03            5.48E-03            1.63E-03            1.67E-03
  68.0 132.0            5.49E-03            6.10E-03            1.69E-03            1.78E-03
  68.0 145.0            6.11E-03            9.36E-03            1.90E-03            2.33E-03
  64.0 150.0            9.37E-03            9.80E-02            2.49E-03            2.54E-03



  31.0  40.0            0.00E+00            8.82E-04            0.00E+00            5.33E-04
  38.0  53.0            8.83E-04            1.54E-03            5.62E-04            7.33E-04
  33.0  52.0            1.55E-03            2.12E-03            7.87E-04            9.16E-04
  33.0  56.0            2.13E-03            4.62E-03            9.61E-04            1.40E-03
  48.0  85.0            4.63E-03            5.17E-03            1.45E-03            1.53E-03
  49.0  94.0            5.18E-03            5.23E-03            1.62E-03            1.62E-03
  47.0  91.0            5.24E-03            5.48E-03            1.63E-03            1.67E-03
  68.0 132.0            5.49E-03            6.10E-03            1.69E-03            1.78E-03
  68.0 145.0            6.11E-03            9.39E-03            1.90E-03            2.34E-03
  68.0 154.0            9.40E-03            9.49E-03            2.44E-03            2.45E-03
