  26.0  30.0            0.00E+00            2.91E-09            0.00E+00            2.96E-08
  28.0  34.0            2.92E-09            3.10E-08            3.05E-08            8.27E-08
  28.0  35.0            3.11E-08            7.22E-08            8.42E-08            1.25E-07
  28.0  36.0            7.27E-08            3.55E-07            2.25E-07            7.17E-07
  28.0  40.0            3.56E-07            5.52E-06            7.63E-07            6.48E-06
  50.0  82.0            5.53E-06            8.38E-05            7.14E-06            5.58E-05
  46.0  82.0            8.39E-05            8.92E-05            5.87E-05            6.16E-05
  45.0  82.0            8.93E-05            9.22E-05            6.25E-05            6.38E-05
  44.0  82.0            9.23E-05            1.06E-04            6.48E-05            7.20E-05
  43.0  82.0            1.07E-04            1.09E-04            7.34E-05            7.46E-05
  42.0  82.0            1.10E-04            1.29E-04            7.62E-05            8.59E-05
  41.0  82.0            1.30E-04            1.44E-04            8.77E-05            9.47E-05
  40.0  82.0            1.45E-04            1.93E-04            9.67E-05            1.20E-04
  39.0  82.0            1.94E-04            2.32E-04            1.22E-04            1.40E-04
  40.0  90.0            2.33E-04            2.45E-04            1.47E-04            1.53E-04
  39.0  90.0            2.46E-04            3.24E-04            1.56E-04            1.91E-04
  38.0  89.0            3.25E-04            3.28E-04            1.94E-04            1.95E-04
  38.0  97.0            3.29E-04            5.00E-04            2.08E-04            2.85E-04
 