  26.0  30.0            0.00E+00            1.50E-08            0.00E+00            7.05E-08
  39.0  50.0            1.51E-08            2.13E-08            7.53E-08            8.73E-08
  38.0  50.0            2.14E-08            1.14E-07            8.88E-08            1.91E-07
  37.0  50.0            1.15E-07            5.31E-07            1.94E-07            1.06E-06
  36.0  50.0            5.32E-07            1.62E-06            1.08E-06            2.55E-06
  35.0  50.0            1.63E-06            3.90E-06            2.60E-06            4.88E-06
  34.0  50.0            3.91E-06            7.36E-06            4.97E-06            8.21E-06
  33.0  50.0            7.37E-06            1.07E-05            8.36E-06            1.11E-05
  32.0  50.0            1.07E-05            2.36E-05            1.13E-05            2.06E-05
  31.0  50.0            2.37E-05            2.48E-05            2.10E-05            2.19E-05
  30.0  50.0            2.49E-05            5.20E-05            2.24E-05            3.89E-05
  46.0  82.0            5.21E-05            6.43E-05            4.10E-05            4.80E-05
  45.0  82.0            6.44E-05            8.17E-05            4.87E-05            5.83E-05
  44.0  82.0            8.18E-05            1.03E-04            5.92E-05            7.02E-05
  43.0  82.0            1.04E-04            1.27E-04            7.14E-05            8.35E-05
  42.0  82.0            1.28E-04            1.52E-04            8.51E-05            9.70E-05
  41.0  82.0            1.53E-04            1.92E-04            9.89E-05            1.17E-04
  40.0  82.0            1.93E-04            2.32E-04            1.20E-04            1.38E-04
  39.0  82.0            2.33E-04            2.47E-04            1.40E-04            1.47E-04
  41.0  90.0            2.48E-04            2.58E-04            1.52E-04            1.56E-04
  40.0  90.0            2.59E-04            3.13E-04            1.59E-04            1.83E-04
  38.0  90.0            3.14E-04            4.79E-04            1.90E-04            2.61E-04
  36.0  90.0            4.80E-04            5.04E-04            2.72E-04            2.82E-04


