  26.0  30.0            0.00E+00            2.10E-07            0.00E+00            1.02E-06
  28.0  34.0            2.11E-07            3.66E-07            1.06E-06            1.34E-06
  28.0  35.0            3.67E-07            2.60E-06            1.36E-06            3.34E-06
  28.0  36.0            2.61E-06            3.43E-06            3.40E-06            3.87E-06
  28.0  40.0            3.44E-06            1.33E-05            4.12E-06            7.96E-06
  50.0  82.0            1.34E-05            9.33E-05            8.73E-06            5.83E-05
  50.0  86.0            9.34E-05            9.45E-05            6.01E-05            6.05E-05
  46.0  82.0            9.46E-05            9.97E-05            6.18E-05            6.40E-05
  45.0  82.0            9.98E-05            1.03E-04            6.49E-05            6.62E-05
  44.0  82.0            1.04E-04            1.17E-04            6.75E-05            7.22E-05
  43.0  82.0            1.18E-04            1.21E-04            7.37E-05            7.47E-05
  42.0  82.0            1.22E-04            1.38E-04            7.61E-05            8.13E-05
  41.0  82.0            1.39E-04            1.45E-04            8.28E-05            8.46E-05
  40.0  82.0            1.46E-04            1.88E-04            8.63E-05            1.15E-04
  39.0  82.0            1.89E-04            2.44E-04            1.17E-04            1.35E-04
  40.0  90.0            2.45E-04            2.57E-04            1.42E-04            1.46E-04
  39.0  90.0            2.58E-04            3.02E-04            1.49E-04            1.79E-04
  38.0  90.0            3.03E-04            3.53E-04            1.83E-04            2.01E-04
  38.0  97.0            3.54E-04            5.16E-04            2.58E-04            2.83E-04


