  32.0  41.0            0.00E+00            1.19E-03            0.00E+00            6.59E-04
  35.0  48.0            1.20E-03            1.23E-03            6.90E-04            6.98E-04
  36.0  50.0            1.24E-03            1.32E-03            7.07E-04            7.28E-04
  36.0  53.0            1.33E-03            2.12E-03            7.56E-04            9.46E-04
  33.0  55.0            2.13E-03            4.14E-03            1.02E-03            1.41E-03
  31.0  55.0            4.15E-03            7.19E-03            1.46E-03            1.91E-03
  32.0  58.0            7.20E-03            7.56E-03            1.94E-03            1.99E-03
  68.0 142.0            7.57E-03            1.05E-02            2.23E-03            2.61E-03
  67.0 150.0            1.06E-02            1.07E-02            2.74E-03            2.77E-03
  67.0 154.0            1.08E-02            1.15E-02            2.83E-03            2.91E-03
 
