  26.0  30.0            0.00E+00            5.94E-07            0.00E+00            6.30E-06
  40.0  50.0            5.95E-07            2.09E-06            6.92E-06            1.09E-05
  39.0  50.0            2.10E-06            1.04E-05            1.10E-05            2.17E-05
  38.0  50.0            1.02E-05            3.85E-05            2.20E-05            4.03E-05
  37.0  50.0            3.86E-05            7.06E-05            4.10E-05            5.47E-05
  35.0  50.0            7.07E-05            1.08E-04            5.65E-05            6.92E-05
  34.0  50.0            1.09E-04            1.47E-04            7.04E-05            8.18E-05
  33.0  50.0            1.48E-04            1.99E-04            8.36E-05            9.66E-05
  32.0  50.0            2.00E-04            2.60E-04            9.86E-05            1.12E-04
  49.0  82.0            2.61E-04            2.97E-04            1.18E-04            1.26E-04
  48.0  82.0            2.98E-04            3.45E-04            1.27E-04            1.37E-04
  47.0  82.0            3.46E-04            4.05E-04            1.39E-04            1.50E-04
  46.0  82.0            4.06E-04            4.81E-04            1.52E-04            1.66E-04
  45.0  82.0            4.82E-04            5.51E-04            1.68E-04            1.79E-04
  44.0  82.0            5.52E-04            6.03E-04            1.82E-04            1.90E-04
  42.0  82.0            6.04E-04            6.42E-04            1.96E-04            2.02E-04
  42.0  83.0            6.43E-04            6.50E-04            2.04E-04            2.05E-04
  41.0  82.0            6.51E-04            7.73E-04            2.07E-04            2.25E-04
  40.0  90.0            7.74E-04            1.03E-03            2.44E-04            2.81E-04
  40.0  90.0            1.03E-03            1.03E-03            2.97E-04            2.81E-04
  37.0  90.0            1.04E-03            1.13E-03            2.98E-04            3.10E-04

