  26.0  30.0            0.00E+00            2.80E-07            0.00E+00            5.37E-06
  40.0  50.0            2.81E-07            6.19E-06            6.03E-06            1.81E-05
  39.0  50.0            6.20E-06            1.79E-05            1.84E-05            2.95E-05
  38.0  50.0            1.80E-05            1.85E-05            3.00E-05            3.03E-05
  37.0  50.0            1.86E-05            7.61E-05            3.09E-05            6.00E-05
  36.0  50.0            7.62E-05            1.16E-04            6.09E-05            7.46E-05
  35.0  50.0            1.17E-04            1.23E-04            7.61E-05            7.80E-05
  34.0  50.0            1.24E-04            1.69E-04            7.96E-05            9.26E-05
  33.0  50.0            1.70E-04            2.25E-04            9.44E-05            1.08E-04
  32.0  50.0            2.26E-04            2.73E-04            1.11E-04            1.21E-04
  50.0  81.0            2.74E-04            2.74E-04            1.25E-04            1.25E-04
  49.0  81.0            2.75E-04            3.24E-04            1.27E-04            1.37E-04
  48.0  82.0            3.25E-04            3.83E-04            1.40E-04            1.52E-04
  47.0  82.0            3.84E-04            4.34E-04            1.54E-04            1.64E-04
  46.0  82.0            4.35E-04            5.47E-04            1.66E-04            1.86E-04
  45.0  82.0            5.48E-04            5.94E-04            1.89E-04            1.97E-04
  43.0  82.0            5.95E-04            7.75E-04            2.02E-04            2.31E-04
  42.0  83.0            7.76E-04            8.05E-04            2.36E-04            2.41E-04
  41.0  83.0            8.06E-04            8.30E-04            2.44E-04            2.48E-04
  41.0  85.0            8.31E-04            8.95E-04            2.52E-04            2.62E-04
  40.0  90.0            8.96E-04            1.15E-03            2.77E-04            3.13E-04
  37.0  90.0            1.16E-03            1.26E-03            3.32E-04            3.46E-04


