  26.0  30.0            0.00E+00            1.09E-06            0.00E+00            5.37E-06
  39.0  50.0            1.10E-06            3.44E-06            5.85E-06            9.45E-06
  38.0  50.0            3.45E-06            1.06E-05            9.59E-06            1.60E-05
  37.0  50.0            1.07E-05            2.38E-05            1.62E-05            2.37E-05
  36.0  50.0            2.39E-05            4.26E-05            2.42E-05            3.19E-05
  35.0  50.0            4.27E-05            6.75E-05            3.25E-05            4.06E-05
  34.0  50.0            6.76E-05            8.93E-05            4.13E-05            4.73E-05
  33.0  50.0            8.94E-05            1.04E-04            4.81E-05            5.18E-05
  32.0  50.0            1.04E-04            1.50E-04            5.28E-05            6.32E-05
  32.0  51.0            1.51E-04            1.53E-04            6.42E-05            6.46E-05
  31.0  51.0            1.54E-04            1.60E-04            6.61E-05            6.73E-05
  48.0  82.0            1.61E-04            1.78E-04            6.95E-05            7.30E-05
  47.0  82.0            1.79E-04            2.12E-04            7.42E-05            8.06E-05
  46.0  82.0            2.13E-04            2.46E-04            8.19E-05            8.79E-05
  45.0  82.0            2.47E-04            2.81E-04            8.93E-05            9.52E-05
  44.0  82.0            2.82E-04            3.18E-04            9.68E-05            1.03E-04
  43.0  82.0            3.19E-04            3.56E-04            1.04E-04            1.10E-04
  42.0  82.0            3.57E-04            3.87E-04            1.12E-04            1.17E-04
  41.0  82.0            3.88E-04            4.11E-04            1.19E-04            1.22E-04
  40.0  85.0            4.12E-04            4.21E-04            1.27E-04            1.29E-04
  42.0  90.0            4.22E-04            4.34E-04            1.30E-04            1.31E-04
  42.0  91.0            4.35E-04            5.04E-04            1.32E-04            1.42E-04
  40.0  90.0            5.05E-04            5.23E-04            1.46E-04            1.49E-04
  38.0  88.0            5.24E-04            5.58E-04            1.52E-04            1.57E-04
  38.0  90.0            5.59E-04            5.93E-04            1.59E-04            1.64E-04
  37.0  90.0            5.94E-04            6.26E-04            1.67E-04            1.72E-04
  36.0  90.0            6.27E-04            6.53E-04            1.75E-04            1.79E-04
  35.0  89.0            6.54E-04            6.98E-04            1.81E-04            1.87E-04


