  41.0  48.0            0.00E+00            6.65E-05            0.00E+00            1.45E-04
  40.0  49.0            6.66E-05            1.91E-04            1.48E-04            2.35E-04
  39.0  50.0            1.92E-04            7.00E-04            2.42E-04            4.41E-04
  50.0  77.0            7.01E-04            1.01E-03            4.97E-04            5.92E-04
  50.0  77.0            1.01E-03            1.01E-03            6.06E-04            5.91E-04
  48.0  77.0            1.02E-03            2.67E-03            6.07E-04            9.64E-04
  49.0  84.0            2.68E-03            2.93E-03            1.01E-03            1.05E-03
  50.0  90.0            2.94E-03            4.07E-03            1.09E-03            1.27E-03
  47.0  88.0            4.08E-03            4.32E-03            1.31E-03            1.34E-03
  49.0  94.0            4.33E-03            4.70E-03            1.37E-03            1.42E-03
  46.0  92.0            4.71E-03            6.85E-03            1.46E-03            1.75E-03
  65.0 144.0            6.86E-03            8.07E-03            1.90E-03            2.05E-03

