  26.0  30.0            0.00E+00            1.23E-07            0.00E+00            7.73E-07
  39.0  50.0            1.24E-07            4.01E-07            8.35E-07            1.36E-06
  38.0  50.0            4.02E-07            1.79E-06            1.38E-06            2.73E-06
  37.0  50.0            1.80E-06            3.96E-06            2.78E-06            4.06E-06
  36.0  50.0            3.97E-06            7.00E-06            4.12E-06            5.43E-06
  35.0  50.0            7.01E-06            1.08E-05            5.52E-06            6.83E-06
  34.0  50.0            1.09E-05            1.46E-05            6.97E-06            8.05E-06
  33.0  50.0            1.47E-05            1.55E-05            8.22E-06            8.43E-06
  32.0  50.0            1.56E-05            3.03E-05            8.62E-06            2.27E-05
  30.0  50.0            3.04E-05            6.31E-05            2.36E-05            3.52E-05
  46.0  82.0            6.32E-05            6.83E-05            3.70E-05            3.84E-05
  45.0  82.0            6.84E-05            9.06E-05            3.89E-05            5.93E-05
  44.0  82.0            9.07E-05            1.10E-04            6.02E-05            6.68E-05
  43.0  82.0            1.11E-04            1.34E-04            6.81E-05            7.48E-05
  42.0  82.0            1.35E-04            1.61E-04            7.62E-05            9.83E-05
  41.0  82.0            1.62E-04            1.94E-04            1.00E-04            1.11E-04
  40.0  82.0            1.95E-04            2.24E-04            1.13E-04            1.21E-04
  39.0  82.0            2.25E-04            2.53E-04            1.24E-04            1.47E-04
  41.0  90.0            2.54E-04            2.85E-04            1.52E-04            1.62E-04
  40.0  90.0            2.86E-04            3.08E-04            1.65E-04            1.72E-04
  38.0  90.0            3.09E-04            5.07E-04            1.79E-04            2.71E-04
  36.0  90.0            5.08E-04            5.15E-04            2.82E-04            2.84E-04

