  26.0  30.0            0.00E+00            7.16E-07            0.00E+00            3.95E-06
  39.0  50.0            7.17E-07            2.56E-06            4.29E-06            7.28E-06
  38.0  50.0            2.57E-06            8.82E-06            7.40E-06            1.30E-05
  37.0  50.0            8.83E-06            1.92E-05            1.32E-05            1.90E-05
  36.0  50.0            1.93E-05            3.41E-05            1.94E-05            2.55E-05
  35.0  50.0            3.42E-05            5.31E-05            2.59E-05            3.21E-05
  34.0  50.0            5.32E-05            6.95E-05            3.27E-05            3.73E-05
  33.0  50.0            6.96E-05            8.07E-05            3.80E-05            4.08E-05
  32.0  50.0            8.08E-05            1.15E-04            4.16E-05            4.95E-05
  30.0  50.0            1.16E-04            1.53E-04            5.17E-05            5.92E-05
  47.0  82.0            1.54E-04            1.68E-04            6.14E-05            6.41E-05
  46.0  82.0            1.69E-04            1.93E-04            6.52E-05            6.96E-05
  45.0  82.0            1.94E-04            2.19E-04            7.07E-05            7.51E-05
  44.0  82.0            2.20E-04            2.47E-04            7.64E-05            8.08E-05
  43.0  82.0            2.48E-04            2.75E-04            8.22E-05            8.65E-05
  42.0  82.0            2.76E-04            3.00E-04            8.80E-05            9.17E-05
  41.0  82.0            3.01E-04            3.29E-04            9.33E-05            9.75E-05
  40.0  82.0            3.30E-04            3.33E-04            9.93E-05            9.97E-05
  42.0  90.0            3.34E-04            3.53E-04            1.03E-04            1.06E-04
  42.0  91.0            3.54E-04            3.91E-04            1.07E-04            1.12E-04
  40.0  90.0            3.92E-04            4.20E-04            1.15E-04            1.19E-04
  38.0  90.0            4.21E-04            5.90E-04            1.24E-04            2.77E-04
  37.0  90.0            5.91E-04            6.24E-04            2.82E-04            2.93E-04
  36.0  90.0            6.25E-04            6.35E-04            2.99E-04            3.02E-04
