  26.0  31.0            0.00E+00            5.73E-06            0.00E+00            3.32E-05
  39.0  47.0            5.74E-06            7.07E-06            3.51E-05            3.78E-05
  37.0  47.0            7.08E-06            2.70E-05            3.87E-05            6.66E-05
  36.0  47.0            2.71E-05            5.08E-05            6.76E-05            8.92E-05
  35.0  49.0            5.09E-05            2.72E-04            9.28E-05            2.02E-04
  36.0  52.0            2.73E-04            6.22E-04            2.07E-04            3.07E-04
  49.0  82.0            6.23E-04            1.40E-03            3.39E-04            5.02E-04
  48.0  82.0            1.41E-03            1.42E-03            5.10E-04            5.12E-04
  46.0  82.0            1.43E-03            2.25E-03            5.27E-04            6.58E-04
  41.0  82.0            2.26E-03            2.75E-03            7.09E-04            7.81E-04
  41.0  89.0            2.76E-03            3.29E-03            8.27E-04            9.01E-04
  38.0  89.0            3.30E-03            3.70E-03            9.51E-04            1.01E-03
  37.0  89.0            3.71E-03            3.92E-03            1.03E-03            1.05E-03

