INTEGER,PARAMETER :: nmass= 216
  TYPE(d),PARAMETER :: pmass(nmass) = (/d(46,85,1030.37,4.97,4.63,4.85,0.05,0.3),&
  d(25,30,471.84,3.73,3.67,3.70,0.14,0.0),d(25,31,479.42,3.77,3.69,3.73,0.14,7.8),d(25,32,487.22,3.81,3.70,3.76,0.15,15.2),&
  d(25,33,493.907,3.84,3.71,3.78,0.13,8.3),&
d(25,34,498.88,3.87,3.72,3.81,0.12,59.9),d(37,82,851.11,4.91,4.46,4.77,0.00,52.8),d(37,83,850.01,4.99,4.47,4.84,0.02,16.0),&
d(37,84,849,5.02,4.47,4.86,0.04,13.5),d(37,85,848.22,5.09,4.48,4.91,0.05,19.2),&
d(46,82,1026.09,4.89,4.61,4.79,0.00,3.0),d(46,83,1027.13,4.92,4.62,4.81,0.02,18.5),d(46,84,1028.87,4.94,4.63,4.83,0.04,1.4),&


d(26,30,481.233,3.73,3.70,3.72,0.13,0.1),d(26,31,490.063,3.77,3.71,3.75,0.14,9.1),d(26,32,498.99,3.81,3.73,3.78,0.15,16.0),&
d(26,33,505.857,3.84,3.73,3.79,0.13,11.8),&
d(26,34,510.85,3.87,3.75,3.82,0.12,59.9),d(38,82,874.38,4.90,4.48,4.77,0.00,59.1),d(38,83,873.46,4.97,4.48,4.82,0.02,26.5),&
d(38,84,872.56,4.99,4.49,4.84,0.04,13.9),&
d(38,85,871.9,5.05,4.49,4.89,0.05,11.0),&
d(47,82,1043.36,4.89,4.63,4.80,0.00,1.8),d(47,83,1044.62,4.92,4.63,4.82,0.01,18.1),d(47,84,1046.46,4.94,4.64,4.84,0.04,1.7),&
d(47,85,1048.12,4.97,4.65,4.86,0.04,0.2),&

d(27,30,487.52,3.73,3.71,3.72,0.11,1.1),d(27,31,496.54,3.77,3.73,3.75,0.11,19.1),d(27,32,506.04,3.81,3.75,3.78,0.13,25.6),&
d(27,33,513.64,3.84,3.76,3.80,0.11,46.9),&
d(27,34,522.55,3.88,3.78,3.83,0.13,59.9),d(39,82,895.93,4.90,4.49,4.77,0.00,57.0),d(39,83,895.26,4.95,4.50,4.81,0.01,35.0),&
d(39,84,894.383,4.98,4.50,4.83,0.03,11.4),d(39,85,893.837,5.03,4.51,4.87,0.04,7.4),&
d(48,82,1060.56,4.89,4.64,4.80,0.00,1.6),d(48,83,1062.04,4.91,4.65,4.82,0.01,25.4),d(48,84,1063.88,4.94,4.66,4.84,0.03,2.1),&
d(48,85,1065.65,4.96,4.66,4.86,0.04,0.2),&

d(40,82,916.12,4.90,4.51,4.77,0.00,59.0),d(40,83,915.69,4.94,4.51,4.80,0.01,32.6),d(40,84,915.093,4.97,4.52,4.83,0.03,9.0),&
d(40,85,914.74,5.01,4.53,4.86,0.04,2.5),&

d(28,49,627.46,4.19,3.91,4.09,0.00,53.4),d(28,50,633.32,4.21,3.92,4.11,0.00,54.6),d(28,51,634.52,4.26,3.93,4.15,0.03,17.8),&
d(28,52,636.12,4.31,3.94,4.18,0.06,5.4),&

d(29,46,626.6,4.17,3.94,4.08,0.10,0.0),d(29,47,631.177,4.18,3.94,4.09,0.09,0.0),d(29,48,636.293,4.19,3.95,4.10,0.08,0.1),&
d(29,49,639.343,4.20,3.95,4.11,0.01,2.6),&
d(29,50,645.65,4.22,3.95,4.12,0.00,59.5),d(29,51,647.67,4.26,3.96,4.16,0.04,11.8),d(29,52,651.05,4.31,3.98,4.19,0.08,3.0),&
d(41,82,935.37,4.90,4.52,4.78,0.00,53.9),d(41,83,935.197,4.93,4.53,4.80,0.01,28.7),d(41,84,935.027,4.96,4.54,4.83,0.03,6.3),&
d(41,85,934.93,5.00,4.55,4.85,0.04,2.2),&
d(49,82,1077.61,4.89,4.66,4.80,0.00,0.3),d(49,83,1079.26,4.91,4.66,4.82,0.01,27.0),d(49,84,1081.11,4.94,4.67,4.84,0.03,4.1),&
d(49,85,1082.95,4.96,4.68,4.86,0.03,0.6),&

d(30,46,641.063,4.18,3.98,4.10,0.12,0.0),d(30,47,645.087,4.19,3.98,4.11,0.10,0.0),d(30,48,649.92,4.21,3.98,4.12,0.09,0.1),&
d(30,49,652.853,4.21,3.98,4.12,0.05,2.9),&
d(30,50,658.407,4.22,3.99,4.13,0.00,60.0),d(30,51,661.503,4.27,4.00,4.17,0.05,10.9),d(30,52,666.95,4.31,4.02,4.20,0.09,1.8),&
d(42,82,954.21,4.89,4.54,4.78,0.00,20.9),d(42,83,954.293,4.93,4.55,4.80,0.01,27.3),d(42,84,954.61,4.95,4.56,4.83,0.04,4.2),&
d(42,85,954.827,4.99,4.57,4.85,0.05,1.4),&
d(50,82,1094.77,4.89,4.67,4.81,0.00,59.8),d(50,83,1096.59,4.91,4.68,4.83,0.01,34.0),d(50,84,1098.46,4.94,4.68,4.84,0.02,7.1),&
d(50,85,1100.35,4.96,4.69,4.86,0.03,0.7),&

d(31,46,651.69,4.19,4.01,4.11,0.12,0.0),d(31,47,657.16,4.20,4.01,4.13,0.11,0.0),d(31,48,662.84,4.21,4.02,4.14,0.10,0.2),&
d(31,49,665.917,4.22,4.01,4.14,0.06,1.4),&
d(31,50,670.977,4.23,4.01,4.15,0.00,59.9),d(31,51,675.16,4.27,4.03,4.18,0.06,7.1),d(31,52,680.973,4.31,4.05,4.21,0.10,2.3),&
d(43,82,972.553,4.89,4.56,4.78,0.00,1.4),d(43,83,972.877,4.92,4.57,4.80,0.02,23.0),d(43,84,973.7,4.95,4.58,4.83,0.04,2.6),&
d(43,85,974.283,4.98,4.58,4.85,0.05,0.8),&
d(51,82,1102.32,4.90,4.69,4.82,0.00,59.1),d(51,83,1104.58,4.92,4.70,4.84,0.01,26.9),d(51,84,1107.68,4.94,4.71,4.86,0.03,1.4),&
d(51,85,1110.24,4.97,4.72,4.88,0.04,2.6),&

d(32,46,662.303,4.19,4.04,4.13,0.12,0.0),d(32,47,668.68,4.21,4.04,4.14,0.11,0.1),d(32,48,675.22,4.22,4.04,4.15,0.10,0.2),&
d(32,49,678.693,4.23,4.04,4.15,0.06,2.1),&
d(32,50,683.587,4.23,4.04,4.16,0.01,59.8),d(32,51,688.503,4.28,4.06,4.19,0.06,13.4),d(32,52,694.463,4.31,4.07,4.22,0.10,4.8),&
d(44,82,990.727,4.89,4.58,4.78,0.00,26.4),d(44,83,991.303,4.92,4.58,4.81,0.02,22.1),d(44,84,992.54,4.95,4.59,4.83,0.04,1.9),&
d(44,85,993.46,4.98,4.60,4.85,0.05,0.7),&
d(52,82,1110,4.91,4.72,4.83,0.00,6.2),d(52,83,1112.68,4.93,4.72,4.85,0.02,22.1),d(52,84,1117.84,4.95,4.74,4.87,0.05,0.2),&
d(52,85,1121.29,4.98,4.75,4.89,0.06,3.8),&

d(33,46,672.6,4.20,4.06,4.14,0.12,0.0),d(33,47,679.87,4.21,4.07,4.15,0.11,0.1),d(33,48,687.28,4.23,4.07,4.16,0.10,0.1),&
d(33,49,690.893,4.23,4.07,4.17,0.06,0.6),&
d(33,50,695.973,4.24,4.07,4.17,0.01,59.8),d(33,51,701.19,4.28,4.08,4.20,0.06,20.9),d(33,52,707.4,4.32,4.10,4.23,0.09,8.2),&
d(45,82,1008.48,4.89,4.59,4.79,0.00,0.1),d(45,83,1009.29,4.92,4.60,4.81,0.02,20.5),d(45,84,1010.85,4.95,4.61,4.83,0.04,1.4),&
d(45,85,1012.08,4.97,4.62,4.85,0.05,0.4),&
d(46,126,1025.73,5.85,4.97,5.63,0.04,0.1),d(47,126,1053.66,5.84,4.99,5.62,0.04,0.0),d(48,126,1080.3,5.63,5.01,5.47,0.00,6.4),&
d(49,126,1108.46,5.62,5.03,5.46,0.00,1.0),&
d(50,126,1136.75,5.61,5.04,5.46,0.00,58.7),d(51,126,1157.81,5.61,5.06,5.46,0.00,58.7),d(52,126,1178.98,5.61,5.08,5.46,0.00,12.5),&
d(53,126,1199.98,5.61,5.10,5.46,0.00,14.0),d(54,126,1220.89,5.61,5.11,5.46,0.00,50.4),d(55,126,1241.45,5.60,5.13,5.46,0.00,6.0),&
d(56,126,1261.81,5.60,5.15,5.47,0.00,2.6),d(57,126,1281.69,5.60,5.16,5.47,0.00,5.2),d(58,126,1301.15,5.60,5.18,5.47,0.00,3.0),&
d(59,126,1319.77,5.60,5.19,5.47,0.00,0.6),d(60,126,1337.78,5.60,5.20,5.47,0.00,3.7),d(61,126,1355.01,5.60,5.21,5.47,0.00,3.6),&
d(62,126,1371.76,5.59,5.22,5.47,0.00,1.1),d(63,126,1387.66,5.59,5.24,5.48,0.00,6.8),d(64,126,1403.19,5.59,5.25,5.48,0.00,6.5),&
d(65,126,1417.95,5.59,5.26,5.48,0.00,17.7),d(66,126,1432.51,5.59,5.27,5.49,0.00,13.7),d(67,126,1446.44,5.59,5.29,5.49,0.00,14.5),&
d(68,126,1460.34,5.59,5.30,5.49,0.00,4.1),&

d(40,46,724.283,4.23,4.23,4.23,0.08,0.2),d(40,47,735.647,4.24,4.22,4.23,0.05,0.2),d(40,48,747.38,4.26,4.23,4.24,0.05,0.1),&
d(40,49,759.45,4.27,4.22,4.25,0.00,55.6),&
d(40,50,771.42,4.29,4.23,4.26,0.00,57.7),d(40,51,777.91,4.31,4.23,4.28,0.02,40.8),d(40,52,783.527,4.34,4.25,4.30,0.05,8.8),&
d(34,46,682.477,4.20,4.09,4.15,0.11,0.0),d(34,47,690.38,4.22,4.09,4.16,0.10,0.0),d(34,48,698.567,4.23,4.10,4.18,0.10,0.1),&
d(34,49,702.32,4.24,4.09,4.18,0.06,0.5),&
d(34,50,708.113,4.25,4.09,4.19,0.00,52.2),d(34,51,713.63,4.28,4.11,4.21,0.05,33.6),d(34,52,719.933,4.32,4.12,4.24,0.09,7.4),&

d(41,46,729.697,4.24,4.25,4.24,0.08,0.1),d(41,47,741.35,4.25,4.25,4.25,0.06,0.1),d(41,48,753.45,4.27,4.25,4.26,0.05,0.1),&
d(41,49,765.39,4.28,4.24,4.26,0.00,59.3),&
d(41,50,777.85,4.29,4.25,4.27,0.00,40.8),d(41,51,784.833,4.32,4.26,4.29,0.02,27.3),d(41,52,791.33,4.35,4.27,4.31,0.05,4.4),&
d(35,46,690.667,4.21,4.11,4.17,0.11,0.0),d(35,47,698.87,4.22,4.12,4.18,0.10,0.0),d(35,48,707.863,4.24,4.12,4.19,0.09,0.1),&
d(35,49,712.877,4.24,4.12,4.19,0.05,1.5),&
d(35,50,720.05,4.25,4.12,4.20,0.00,53.8),d(35,51,725.74,4.29,4.13,4.22,0.05,42.0),d(35,52,731.82,4.32,4.14,4.25,0.08,13.4),&

d(42,46,734.923,4.25,4.27,4.26,0.08,0.0),d(42,47,746.54,4.26,4.27,4.26,0.06,0.0),d(42,48,759.153,4.27,4.27,4.27,0.06,0.2),&
d(42,49,770.51,4.28,4.27,4.28,0.00,24.4),&
d(42,50,783.5,4.30,4.27,4.28,0.00,39.0),d(42,51,790.993,4.32,4.28,4.30,0.02,14.2),d(42,52,798.91,4.35,4.29,4.33,0.06,1.3),&
d(36,46,697.973,4.21,4.14,4.18,0.10,0.1),d(36,47,706.897,4.23,4.14,4.19,0.09,0.1),d(36,48,716.553,4.24,4.14,4.20,0.08,0.1),&
d(36,49,722.79,4.25,4.14,4.20,0.04,1.9),&
d(36,50,731.73,4.26,4.14,4.21,0.00,56.1),d(36,51,737.55,4.29,4.15,4.23,0.04,47.0),d(36,52,743.427,4.33,4.16,4.26,0.07,18.7),&


d(34,82,776.36,4.93,4.42,4.78,0.00,59.8),d(34,83,775.08,5.05,4.42,4.88,0.00,21.2),d(34,84,773.723,5.11,4.42,4.92,0.04,15.5),&
d(34,85,772.7,5.22,4.42,5.01,0.04,44.7),&
d(37,46,705.093,4.22,4.16,4.19,0.09,0.1),d(37,47,714.77,4.23,4.16,4.20,0.08,0.2),d(37,48,724.98,4.24,4.16,4.21,0.07,0.2),&
d(37,49,732.443,4.25,4.16,4.21,0.01,19.2),&
d(37,50,743.08,4.27,4.16,4.22,0.00,59.1),d(37,51,749.03,4.30,4.17,4.24,0.04,50.8),d(37,52,754.86,4.33,4.18,4.27,0.06,26.0),&

d(35,82,801.86,4.92,4.43,4.78,0.00,59.4),d(35,83,800.6,5.04,4.43,4.87,0.01,0.3),d(35,84,799.28,5.08,4.44,4.90,0.04,13.1),&
d(35,85,798.32,5.19,4.44,4.98,0.04,37.8),&
d(38,46,711.82,4.22,4.18,4.20,0.09,0.1),d(38,47,722.377,4.23,4.18,4.21,0.07,0.2),d(38,48,733.16,4.25,4.18,4.22,0.06,0.4),&
d(38,49,742.667,4.26,4.18,4.22,0.00,50.1),&
d(38,50,753.84,4.27,4.18,4.23,0.00,50.0),d(38,51,759.857,4.30,4.19,4.25,0.03,51.4),d(38,52,765.62,4.33,4.20,4.28,0.06,28.6),&

d(36,82,826.89,4.91,4.45,4.78,0.00,59.1),d(36,83,825.693,5.02,4.45,4.86,0.01,5.3),d(36,84,824.513,5.05,4.46,4.88,0.04,12.9),&
d(36,85,823.61,5.15,4.46,4.95,0.05,29.2),&
d(39,46,718.243,4.23,4.20,4.22,0.08,0.2),d(39,47,729.41,4.24,4.20,4.22,0.06,0.3),d(39,48,740.637,4.25,4.20,4.23,0.05,0.2),&
d(39,49,751.87,4.26,4.20,4.24,0.00,59.6),&
d(39,50,763.44,4.28,4.20,4.25,0.00,55.0),d(39,51,769.573,4.31,4.21,4.27,0.02,47.7),d(39,52,774.993,4.34,4.23,4.29,0.05,19.4)/)

