  40.0  48.0            0.00E+00            4.01E-04            0.00E+00            3.85E-04
  40.0  50.0            4.02E-04            4.31E-04            3.95E-04            4.07E-04
  39.0  51.0            4.32E-04            1.32E-03            4.18E-04            7.06E-04
  34.0  50.0            1.33E-03            1.96E-03            7.54E-04            9.09E-04
  33.0  51.0            1.97E-03            3.34E-03            9.38E-04            1.21E-03
  32.0  55.0            3.35E-03            5.19E-03            1.29E-03            1.60E-03
  50.0  85.0            5.20E-03            5.51E-03            1.61E-03            1.66E-03
  68.0 131.0            5.52E-03            7.17E-03            1.81E-03            2.06E-03
  68.0 140.0            7.18E-03            9.94E-03            2.15E-03            2.52E-03
  68.0 156.0            9.95E-03            1.16E-02            2.71E-03            2.92E-03




  28.0  33.0            0.00E+00            1.10E-04            0.00E+00            2.08E-04
  40.0  48.0            1.11E-04            4.01E-04            2.17E-04            3.85E-04
  40.0  50.0            4.02E-04            4.31E-04            3.95E-04            4.07E-04
  39.0  51.0            4.32E-04            1.32E-03            4.18E-04            7.06E-04
  34.0  50.0            1.33E-03            1.96E-03            7.54E-04            9.09E-04
  33.0  51.0            1.97E-03            3.34E-03            9.38E-04            1.21E-03
  32.0  55.0            3.35E-03            5.19E-03            1.29E-03            1.60E-03
  50.0  85.0            5.20E-03            5.51E-03            1.61E-03            1.66E-03
  68.0 131.0            5.52E-03            7.17E-03            1.81E-03            2.06E-03
  68.0 140.0            7.18E-03            1.03E-02            2.15E-03            2.56E-03
  68.0 140.0            1.03E-02            1.03E-02            2.80E-03            2.56E-03
  68.0 159.0            1.04E-02            1.22E-02            2.81E-03            3.04E-03
  68.0 166.0            1.23E-02            1.36E-02            3.14E-03            3.30E-03
  68.0 173.0            1.37E-02            2.77E-02            3.41E-03            4.81E-03
  68.0 174.0            2.78E-02            2.35E-01            4.84E-03            1.38E-02
