  26.0  30.0            0.00E+00            8.61E-09            0.00E+00            5.59E-08
  39.0  50.0            8.62E-09            5.21E-08            5.97E-08            1.30E-07
  38.0  50.0            5.22E-08            1.12E-07            1.32E-07            2.85E-07
  37.0  50.0            1.13E-07            5.03E-07            1.93E-07            1.03E-06
  36.0  50.0            5.04E-07            2.50E-06            1.04E-06            3.51E-06
  35.0  50.0            2.51E-06            2.82E-06            3.58E-06            3.81E-06
  34.0  50.0            2.83E-06            7.33E-06            3.89E-06            8.19E-06
  33.0  50.0            7.34E-06            1.43E-05            8.34E-06            1.38E-05
  32.0  50.0            1.44E-05            2.24E-05            1.41E-05            1.99E-05
  49.0  82.0            2.25E-05            6.96E-05            2.10E-05            4.90E-05
  45.0  82.0            6.97E-05            1.10E-04            5.16E-05            7.27E-05
  43.0  82.0            1.11E-04            1.54E-04            7.49E-05            9.64E-05
  42.0  82.0            1.55E-04            1.87E-04            9.86E-05            1.13E-04
  41.0  82.0            1.88E-04            2.32E-04            1.15E-04            1.35E-04
  40.0  82.0            2.33E-04            2.80E-04            1.38E-04            1.58E-04
  39.0  82.0            2.81E-04            3.38E-04            1.61E-04            1.85E-04
  40.0  90.0            3.39E-04            3.60E-04            1.95E-04            2.04E-04
  39.0  90.0            3.61E-04            4.65E-04            2.08E-04            2.51E-04
  38.0  90.0            4.66E-04            4.89E-04            2.56E-04            2.65E-04



