  26.0  30.0            0.00E+00            6.27E-08            0.00E+00            5.95E-07
  39.0  50.0            6.28E-08            8.95E-07            6.44E-07            1.95E-06
  38.0  50.0            8.96E-07            1.74E-06            1.98E-06            2.70E-06
  37.0  50.0            1.75E-06            3.84E-06            2.75E-06            4.00E-06
  36.0  50.0            3.85E-06            8.48E-06            4.06E-06            5.96E-06
  35.0  50.0            8.49E-06            9.10E-06            6.06E-06            6.27E-06
  34.0  50.0            9.11E-06            1.43E-05            6.38E-06            7.96E-06
  33.0  50.0            1.44E-05            1.97E-05            8.13E-06            9.49E-06
  32.0  50.0            1.98E-05            2.82E-05            9.69E-06            2.16E-05
  49.0  82.0            2.83E-05            7.47E-05            2.28E-05            5.00E-05
  46.0  82.0            7.48E-05            8.41E-05            5.20E-05            5.60E-05
  45.0  82.0            8.42E-05            1.19E-04            5.68E-05            6.85E-05
  43.0  82.0            1.20E-04            1.64E-04            7.08E-05            9.79E-05
  42.0  82.0            1.65E-04            1.96E-04            9.97E-05            1.10E-04
  41.0  82.0            1.97E-04            2.42E-04            1.12E-04            1.38E-04
  40.0  82.0            2.43E-04            2.89E-04            1.41E-04            1.56E-04
  39.0  82.0            2.90E-04            3.39E-04            1.59E-04            1.73E-04
  40.0  90.0            3.40E-04            3.82E-04            1.81E-04            2.10E-04
  39.0  90.0            3.83E-04            4.76E-04            2.14E-04            2.42E-04
  38.0  90.0            4.77E-04            4.98E-04            2.46E-04            2.68E-04

