  26.0  30.0            0.00E+00            1.11E-05            0.00E+00            1.94E-05
  38.0  50.0            1.12E-05            6.63E-05            2.13E-05            4.91E-05
  50.0  82.0            6.64E-05            4.12E-04            5.64E-05            1.37E-04
  48.0  82.0            4.13E-04            4.23E-04            1.41E-04            1.42E-04
  47.0  82.0            4.24E-04            4.58E-04            1.44E-04            1.50E-04
  46.0  82.0            4.59E-04            4.97E-04            1.52E-04            1.58E-04
  46.0  85.0            4.98E-04            5.11E-04            1.62E-04            1.64E-04
  46.0  86.0            5.12E-04            5.99E-04            1.66E-04            1.79E-04
  45.0  86.0            6.00E-04            6.53E-04            1.82E-04            1.89E-04
  45.0  87.0            6.54E-04            6.60E-04            1.91E-04            1.92E-04
  41.0  82.0            6.61E-04            6.66E-04            1.96E-04            1.97E-04
  40.0  83.0            6.67E-04            7.12E-04            2.02E-04            2.09E-04
  39.0  82.0            7.13E-04            8.01E-04            2.10E-04            2.23E-04
  40.0  88.0            8.02E-04            8.66E-04            2.30E-04            2.39E-04
  39.0  97.0            8.67E-04            9.85E-04            2.61E-04            2.78E-04




