  28.0  34.0            0.00E+00            3.26E-06            0.00E+00            3.42E-05
  38.0  49.0            3.27E-06            1.33E-04            3.74E-05            1.62E-04
  37.0  50.0            1.34E-04            2.52E-04            1.67E-04            2.24E-04
  35.0  49.0            2.53E-04            5.63E-04            2.29E-04            3.35E-04
  33.0  50.0            5.64E-04            6.54E-04            3.51E-04            3.76E-04
  49.0  82.0            6.55E-04            2.07E-03            4.05E-04            7.06E-04
  47.0  83.0            2.08E-03            2.92E-03            7.32E-04            8.63E-04
  47.0  91.0            2.93E-03            3.67E-03            9.18E-04            1.02E-03
  46.0  93.0            3.68E-03            4.93E-03            1.06E-03            1.22E-03
  56.0 131.0            4.94E-03            5.09E-03            1.35E-03            1.37E-03
  57.0 138.0            5.10E-03            5.14E-03            1.41E-03            1.42E-03
 
