  26.0  30.0            0.00E+00            3.93E-08            0.00E+00            3.42E-07
  39.0  50.0            3.94E-08            4.55E-07            3.69E-07            1.03E-06
  38.0  50.0            4.56E-07            9.21E-07            1.05E-06            1.46E-06
  37.0  50.0            9.22E-07            2.03E-06            1.48E-06            2.16E-06
  36.0  50.0            2.04E-06            4.55E-06            2.20E-06            3.25E-06
  35.0  50.0            4.56E-06            4.87E-06            3.31E-06            3.41E-06
  34.0  50.0            4.88E-06            9.74E-06            3.47E-06            9.33E-06
  33.0  50.0            9.75E-06            1.66E-05            9.50E-06            1.28E-05
  32.0  50.0            1.67E-05            2.43E-05            1.30E-05            2.04E-05
  49.0  82.0            2.44E-05            7.10E-05            2.15E-05            4.48E-05
  46.0  82.0            7.11E-05            8.50E-05            4.66E-05            5.76E-05
  45.0  82.0            8.51E-05            1.04E-04            5.84E-05            6.51E-05
  43.0  82.0            1.05E-04            1.58E-04            6.73E-05            9.78E-05
  42.0  82.0            1.59E-04            1.89E-04            9.96E-05            1.10E-04
  41.0  82.0            1.90E-04            2.35E-04            1.12E-04            1.34E-04
  40.0  82.0            2.36E-04            2.83E-04            1.36E-04            1.58E-04
  39.0  82.0            2.84E-04            3.38E-04            1.61E-04            1.85E-04
  40.0  90.0            3.39E-04            3.65E-04            1.94E-04            2.03E-04
  39.0  90.0            3.66E-04            4.69E-04            2.07E-04            2.47E-04
  38.0  90.0            4.70E-04            4.94E-04            2.52E-04            2.67E-04

