  26.0  30.0            0.00E+00            1.24E-07            0.00E+00            1.26E-05
  39.0  50.0            1.25E-07            1.22E-04            1.57E-05            1.32E-04
  35.0  49.0            1.23E-04            3.75E-04            1.39E-04            2.36E-04
  34.0  50.0            3.76E-04            5.56E-04            2.43E-04            2.94E-04
  51.0  82.0            5.57E-04            7.35E-04            3.14E-04            3.59E-04
  49.0  83.0            7.36E-04            1.78E-03            3.70E-04            5.69E-04
  48.0  84.0            1.79E-03            1.84E-03            5.82E-04            5.90E-04
  48.0  85.0            1.85E-03            2.19E-03            5.96E-04            6.47E-04
  46.0  85.0            2.20E-03            2.57E-03            6.66E-04            7.19E-04
  46.0  89.0            2.58E-03            2.68E-03            7.42E-04            7.56E-04
  43.0  89.0            2.69E-03            2.80E-03            7.91E-04            8.07E-04
  41.0  86.0            2.81E-03            3.16E-03            8.15E-04            8.63E-04
  41.0  88.0            3.17E-03            3.49E-03            8.78E-04            9.21E-04
  39.0  90.0            3.50E-03            3.84E-03            9.69E-04            1.01E-03

