  26.0  30.0            0.00E+00            5.11E-08            0.00E+00            4.68E-07
  39.0  50.0            5.12E-08            6.69E-07            5.06E-07            1.49E-06
  38.0  50.0            6.70E-07            1.32E-06            1.51E-06            2.07E-06
  37.0  50.0            1.33E-06            2.93E-06            2.11E-06            3.07E-06
  36.0  50.0            2.94E-06            6.47E-06            3.13E-06            4.59E-06
  35.0  50.0            6.48E-06            6.97E-06            4.67E-06            4.84E-06
  34.0  50.0            6.98E-06            1.10E-05            4.92E-06            6.15E-06
  33.0  50.0            1.11E-05            1.91E-05            6.27E-06            1.57E-05
  32.0  50.0            1.92E-05            2.69E-05            1.61E-05            1.95E-05
  49.0  82.0            2.70E-05            7.14E-05            2.05E-05            4.44E-05
  46.0  82.0            7.15E-05            8.09E-05            4.62E-05            4.91E-05
  45.0  82.0            8.10E-05            1.14E-04            4.98E-05            7.06E-05
  43.0  82.0            1.15E-04            1.60E-04            7.30E-05            9.72E-05
  42.0  82.0            1.61E-04            1.92E-04            9.90E-05            1.09E-04
  41.0  82.0            1.93E-04            2.38E-04            1.11E-04            1.35E-04
  40.0  82.0            2.39E-04            2.83E-04            1.38E-04            1.52E-04
  39.0  82.0            2.84E-04            3.39E-04            1.54E-04            1.82E-04
  40.0  90.0            3.40E-04            3.72E-04            1.91E-04            2.01E-04
  39.0  90.0            3.73E-04            4.73E-04            2.05E-04            2.48E-04
  38.0  90.0            4.74E-04            4.95E-04            2.52E-04            2.59E-04


