  26.0  30.0            0.00E+00            1.80E-07            0.00E+00            4.76E-06
  40.0  50.0            1.81E-07            3.32E-06            5.41E-06            1.40E-05
  39.0  50.0            3.33E-06            5.83E-06            1.42E-05            1.79E-05
  38.0  50.0            5.84E-06            4.68E-05            1.82E-05            4.68E-05
  36.0  50.0            4.69E-05            1.12E-04            4.83E-05            7.34E-05
  35.0  50.0            1.13E-04            1.47E-04            7.49E-05            8.51E-05
  34.0  50.0            1.48E-04            1.91E-04            8.68E-05            9.82E-05
  33.0  50.0            1.92E-04            2.36E-04            1.00E-04            1.11E-04
  32.0  50.0            2.37E-04            2.54E-04            1.13E-04            1.17E-04
  50.0  83.0            2.55E-04            3.32E-04            1.23E-04            1.40E-04
  48.0  82.0            3.33E-04            3.99E-04            1.42E-04            1.55E-04
  47.0  82.0            4.00E-04            4.89E-04            1.58E-04            1.74E-04
  46.0  82.0            4.90E-04            5.90E-04            1.76E-04            1.93E-04
  44.0  82.0            5.91E-04            7.70E-04            1.99E-04            2.27E-04
  43.0  82.0            7.71E-04            7.85E-04            2.30E-04            2.32E-04
  43.0  83.0            7.86E-04            7.93E-04            2.34E-04            2.35E-04
  41.0  82.0            7.94E-04            8.94E-04            2.41E-04            2.55E-04
  37.0  79.0            8.95E-04            9.66E-04            2.67E-04            2.77E-04
  37.0  81.0            9.67E-04            9.72E-04            2.82E-04            2.82E-04
  37.0  83.0            9.73E-04            1.01E-03            2.87E-04            2.93E-04
  37.0  85.0            1.02E-03            1.03E-03            2.99E-04            3.00E-04
  37.0  89.0            1.04E-03            1.25E-03            3.12E-04            3.41E-04





