  26.0  30.0            0.00E+00            1.13E-05            0.00E+00            2.09E-05
  40.0  50.0            1.14E-05            1.54E-05            2.23E-05            2.56E-05
  38.0  50.0            1.55E-05            6.46E-05            2.64E-05            5.16E-05
  37.0  51.0            6.47E-05            7.02E-05            5.30E-05            5.52E-05
  37.0  52.0            7.03E-05            8.48E-05            5.58E-05            6.11E-05
  50.0  82.0            8.49E-05            3.95E-04            6.76E-05            1.43E-04
  48.0  82.0            3.96E-04            4.57E-04            1.47E-04            1.57E-04
  47.0  82.0            4.58E-04            5.36E-04            1.59E-04            1.72E-04
  46.0  82.0            5.37E-04            5.56E-04            1.75E-04            1.78E-04
  47.0  85.0            5.57E-04            5.66E-04            1.80E-04            1.81E-04
  46.0  85.0            5.67E-04            5.84E-04            1.84E-04            1.86E-04
  46.0  86.0            5.85E-04            6.76E-04            1.88E-04            2.02E-04
  46.0  87.0            6.77E-04            6.91E-04            2.03E-04            2.06E-04
  42.0  83.0            6.92E-04            7.49E-04            2.11E-04            2.20E-04
  42.0  84.0            7.50E-04            7.65E-04            2.22E-04            2.24E-04
  42.0  85.0            7.66E-04            7.90E-04            2.26E-04            2.29E-04
  42.0  87.0            7.91E-04            8.93E-04            2.33E-04            2.48E-04
  40.0  88.0            8.94E-04            9.21E-04            2.58E-04            2.62E-04
  40.0  90.0            9.22E-04            9.91E-04            2.66E-04            2.76E-04
  41.0  95.0            9.92E-04            9.99E-04            2.81E-04            2.82E-04
  39.0  98.0            1.00E-03            1.11E-03            2.99E-04            3.15E-04

