  26.0  30.0            0.00E+00            1.89E-09            0.00E+00            9.46E-09
  28.0  34.0            1.90E-09            7.54E-09            9.76E-09            3.56E-08
  28.0  35.0            7.55E-09            1.19E-07            3.62E-08            3.42E-07
  28.0  36.0            1.20E-07            4.31E-07            3.50E-07            9.15E-07
  28.0  40.0            4.32E-07            4.19E-06            9.74E-07            5.35E-06
  50.0  82.0            4.20E-06            8.97E-05            5.93E-06            5.88E-05
  50.0  86.0            8.98E-05            1.01E-04            6.06E-05            6.60E-05
  46.0  82.0            1.01E-04            1.07E-04            6.74E-05            7.07E-05
  45.0  82.0            1.08E-04            1.12E-04            7.20E-05            7.40E-05
  44.0  82.0            1.13E-04            1.32E-04            7.56E-05            8.49E-05
  43.0  82.0            1.33E-04            1.40E-04            8.66E-05            9.00E-05
  42.0  82.0            1.41E-04            1.65E-04            9.18E-05            1.03E-04
  41.0  82.0            1.66E-04            1.77E-04            1.05E-04            1.11E-04
  40.0  82.0            1.78E-04            2.27E-04            1.13E-04            1.35E-04
  39.0  82.0            2.28E-04            2.90E-04            1.38E-04            1.65E-04
  40.0  90.0            2.91E-04            3.26E-04            1.74E-04            1.89E-04
  39.0  90.0            3.27E-04            3.87E-04            1.93E-04            2.19E-04
  38.0  90.0            3.88E-04            4.20E-04            2.23E-04            2.37E-04
  38.0  97.0            4.21E-04            4.79E-04            2.50E-04            2.76E-04  



