  26.0  30.0            0.00E+00            5.55E-09            0.00E+00            2.83E-08
  28.0  34.0            5.56E-09            1.28E-08            2.91E-08            4.18E-08
  28.0  35.0            1.29E-08            1.34E-07            4.26E-08            3.38E-07
  28.0  36.0            1.35E-07            4.37E-07            3.44E-07            9.17E-07
  28.0  40.0            4.38E-07            4.21E-06            9.76E-07            5.37E-06
  50.0  82.0            4.22E-06            8.94E-05            5.92E-06            5.87E-05
  50.0  86.0            8.95E-05            1.04E-04            6.05E-05            6.75E-05
  47.0  86.0            1.05E-04            1.14E-04            6.86E-05            7.52E-05
  46.0  86.0            1.15E-04            1.17E-04            7.68E-05            7.78E-05
  43.0  82.0            1.18E-04            1.40E-04            7.91E-05            8.99E-05
  42.0  82.0            1.41E-04            1.65E-04            9.18E-05            1.03E-04
  41.0  82.0            1.66E-04            1.77E-04            1.05E-04            1.11E-04
  40.0  82.0            1.78E-04            2.26E-04            1.13E-04            1.35E-04
  39.0  82.0            2.27E-04            2.90E-04            1.38E-04            1.65E-04
  40.0  90.0            2.91E-04            3.26E-04            1.74E-04            1.89E-04
  39.0  90.0            3.27E-04            3.83E-04            1.93E-04            2.17E-04
  38.0  90.0            3.84E-04            4.36E-04            2.21E-04            2.44E-04
  38.0  97.0            4.37E-04            4.80E-04            2.57E-04            2.76E-04




