  26.0  30.0            0.00E+00            8.33E-07            0.00E+00            4.82E-06
  41.0  50.0            8.34E-07            1.20E-06            5.13E-06            5.91E-06
  39.0  50.0            1.21E-06            7.56E-06            6.08E-06            1.35E-05
  38.0  50.0            7.57E-06            1.08E-05            1.37E-05            1.61E-05
  37.0  50.0            1.09E-05            2.28E-05            1.64E-05            2.33E-05
  36.0  50.0            2.29E-05            5.24E-05            2.37E-05            3.53E-05
  35.0  50.0            5.25E-05            5.60E-05            3.59E-05            3.70E-05
  34.0  50.0            5.61E-05            8.71E-05            3.77E-05            4.67E-05
  33.0  50.0            8.72E-05            1.16E-04            4.76E-05            5.47E-05
  49.0  82.0            1.17E-04            2.36E-04            5.87E-05            8.28E-05
  46.0  82.0            2.37E-04            2.65E-04            8.63E-05            9.12E-05
  45.0  82.0            2.66E-04            3.27E-04            9.27E-05            1.03E-04
  43.0  82.0            3.28E-04            3.89E-04            1.06E-04            1.15E-04
  42.0  82.0            3.90E-04            4.17E-04            1.17E-04            1.21E-04
  41.0  82.0            4.18E-04            4.56E-04            1.23E-04            1.28E-04
  41.0  84.0            4.57E-04            4.78E-04            1.31E-04            1.34E-04
  42.0  89.0            4.79E-04            5.05E-04            1.37E-04            1.40E-04
  39.0  86.0            5.06E-04            5.81E-04            1.44E-04            1.55E-04
  40.0  90.0            5.82E-04            5.92E-04            1.57E-04            1.58E-04
  39.0  90.0            5.93E-04            6.22E-04            1.61E-04            1.65E-04
  38.0  90.0            6.23E-04            6.69E-04            1.68E-04            1.74E-04
  37.0  90.0            6.70E-04            6.92E-04            1.78E-04            1.80E-04

 
