  41.0  48.0            0.00E+00            2.69E-04            0.00E+00            2.69E-04
  39.0  51.0            2.70E-04            1.03E-03            2.86E-04            5.36E-04
  39.0  51.0            1.03E-03            1.02E-03            6.27E-04            5.34E-04
  49.0  82.0            1.03E-03            3.26E-03            6.27E-04            1.09E-03
  48.0  84.0            3.27E-03            3.64E-03            1.12E-03            1.18E-03
  49.0  90.0            3.65E-03            5.22E-03            1.22E-03            1.45E-03
  67.0 136.0            5.23E-03            6.23E-03            1.57E-03            1.71E-03
  67.0 143.0            6.24E-03            7.05E-03            1.77E-03            1.88E-03
  68.0 156.0            7.06E-03            8.13E-03            1.97E-03            2.11E-03

