  26.0  30.0            0.00E+00            9.11E-09            0.00E+00            4.69E-08
  28.0  34.0            9.12E-09            1.89E-08            4.83E-08            6.62E-08
  28.0  35.0            1.90E-08            1.64E-07            6.74E-08            3.64E-07
  28.0  36.0            1.65E-07            4.51E-07            3.70E-07            9.40E-07
  28.0  40.0            4.52E-07            4.22E-06            1.00E-06            5.37E-06
  50.0  82.0            4.23E-06            8.94E-05            5.92E-06            5.86E-05
  50.0  86.0            8.95E-05            1.02E-04            6.05E-05            6.65E-05
  46.0  86.0            1.03E-04            1.17E-04            6.76E-05            7.78E-05
  43.0  82.0            1.18E-04            1.40E-04            7.91E-05            8.99E-05
  42.0  82.0            1.41E-04            1.65E-04            9.17E-05            1.03E-04
  41.0  82.0            1.66E-04            1.77E-04            1.05E-04            1.11E-04
  40.0  82.0            1.78E-04            2.25E-04            1.13E-04            1.34E-04
  39.0  82.0            2.26E-04            2.89E-04            1.37E-04            1.65E-04
  40.0  90.0            2.90E-04            3.25E-04            1.73E-04            1.89E-04
  39.0  90.0            3.26E-04            3.81E-04            1.92E-04            2.16E-04
  38.0  90.0            3.82E-04            4.36E-04            2.20E-04            2.43E-04
  38.0  97.0            4.37E-04            4.81E-04            2.57E-04            2.76E-04




