  26.0  30.0            0.00E+00            1.99E-07            0.00E+00            1.54E-06
  39.0  50.0            2.00E-07            2.26E-06            1.67E-06            4.65E-06
  38.0  50.0            2.27E-06            4.29E-06            4.72E-06            6.35E-06
  37.0  50.0            4.30E-06            9.01E-06            6.45E-06            9.17E-06
  36.0  50.0            9.02E-06            1.98E-05            9.32E-06            1.36E-05
  35.0  50.0            1.99E-05            2.14E-05            1.39E-05            1.44E-05
  34.0  50.0            2.15E-05            3.35E-05            1.47E-05            1.82E-05
  33.0  50.0            3.36E-05            4.57E-05            1.86E-05            2.16E-05
  32.0  50.0            4.58E-05            5.32E-05            2.20E-05            2.37E-05
  49.0  82.0            5.33E-05            9.29E-05            2.49E-05            3.27E-05
  46.0  82.0            9.30E-05            9.95E-05            3.41E-05            3.52E-05
  45.0  82.0            9.96E-05            1.51E-04            3.57E-05            8.37E-05
  43.0  82.0            1.52E-04            1.97E-04            8.65E-05            1.01E-04
  42.0  82.0            1.98E-04            2.30E-04            1.03E-04            1.11E-04
  41.0  82.0            2.31E-04            2.71E-04            1.13E-04            1.23E-04
  40.0  82.0            2.72E-04            3.10E-04            1.25E-04            1.34E-04
  39.0  82.0            3.11E-04            3.57E-04            1.36E-04            1.86E-04
  40.0  87.0            3.58E-04            3.76E-04            1.91E-04            1.98E-04
  40.0  90.0            3.77E-04            4.28E-04            2.03E-04            2.20E-04
  39.0  90.0            4.29E-04            4.93E-04            2.24E-04            2.42E-04
  38.0  90.0            4.94E-04            5.24E-04            2.47E-04            2.55E-04

 
