  26.0  30.0            0.00E+00            6.63E-07            0.00E+00            4.97E-06
  41.0  50.0            6.64E-07            4.12E-06            5.32E-06            1.11E-05
  39.0  50.0            4.13E-06            8.99E-06            1.14E-05            1.61E-05
  38.0  50.0            9.00E-06            1.33E-05            1.64E-05            1.96E-05
  37.0  50.0            1.34E-05            2.74E-05            2.00E-05            2.80E-05
  36.0  50.0            2.75E-05            6.14E-05            2.85E-05            4.19E-05
  35.0  50.0            6.15E-05            6.66E-05            4.26E-05            4.43E-05
  34.0  50.0            6.67E-05            1.06E-04            4.51E-05            5.66E-05
  33.0  50.0            1.07E-04            1.37E-04            5.78E-05            6.52E-05
  49.0  82.0            1.38E-04            2.82E-04            7.00E-05            9.93E-05
  46.0  82.0            2.83E-04            3.26E-04            1.03E-04            1.11E-04
  45.0  82.0            3.27E-04            4.00E-04            1.13E-04            1.24E-04
  43.0  82.0            4.01E-04            4.77E-04            1.28E-04            1.40E-04
  42.0  82.0            4.78E-04            4.84E-04            1.42E-04            1.43E-04
  40.0  82.0            4.85E-04            5.98E-04            1.48E-04            1.64E-04
  40.0  84.0            5.99E-04            6.23E-04            1.67E-04            1.70E-04
  40.0  88.0            6.24E-04            7.25E-04            1.76E-04            1.89E-04
  38.0  90.0            7.26E-04            7.38E-04            1.99E-04            2.00E-04


