  40.0  49.0            0.00E+00            3.17E-04            0.00E+00            2.68E-04
  38.0  48.0            3.18E-04            5.01E-04            2.73E-04            3.38E-04
  36.0  50.0            5.02E-04            6.11E-04            3.56E-04            3.91E-04
  35.0  52.0            6.12E-04            9.03E-04            4.07E-04            4.90E-04
  35.0  54.0            9.04E-04            9.78E-04            5.02E-04            5.21E-04
  50.0  82.0            9.79E-04            9.87E-04            5.48E-04            5.50E-04
  48.0  82.0            9.88E-04            1.99E-03            5.64E-04            7.89E-04
  48.0  84.0            2.00E-03            3.67E-03            8.04E-04            1.08E-03
  47.0  91.0            3.68E-03            3.85E-03            1.15E-03            1.18E-03
  47.0  93.0            3.86E-03            3.91E-03            1.20E-03            1.20E-03
  68.0 137.0            3.92E-03            6.40E-03            1.23E-03            1.56E-03
  60.0 139.0            6.41E-03            6.59E-03            1.72E-03            1.74E-03

