  26.0  30.0            0.00E+00            1.14E-08            0.00E+00            7.77E-08
  39.0  50.0            1.15E-08            7.81E-08            8.32E-08            1.91E-07
  38.0  50.0            7.82E-08            1.62E-07            1.94E-07            2.72E-07
  37.0  50.0            1.63E-07            5.46E-07            2.77E-07            9.75E-07
  36.0  50.0            5.47E-07            2.53E-06            9.91E-07            3.37E-06
  35.0  50.0            2.54E-06            2.89E-06            3.43E-06            3.66E-06
  34.0  50.0            2.90E-06            7.44E-06            4.18E-06            8.16E-06
  33.0  50.0            7.45E-06            1.45E-05            8.31E-06            1.40E-05
  32.0  50.0            1.46E-05            2.23E-05            1.43E-05            1.95E-05
  49.0  82.0            2.24E-05            6.98E-05            2.06E-05            4.91E-05
  45.0  82.0            6.99E-05            1.10E-04            5.18E-05            7.23E-05
  43.0  82.0            1.11E-04            1.54E-04            7.56E-05            9.67E-05
  42.0  82.0            1.55E-04            1.87E-04            9.86E-05            1.13E-04
  41.0  82.0            1.88E-04            2.32E-04            1.16E-04            1.35E-04
  40.0  82.0            2.33E-04            2.79E-04            1.38E-04            1.58E-04
  39.0  82.0            2.80E-04            3.37E-04            1.61E-04            1.85E-04
  40.0  90.0            3.38E-04            3.59E-04            1.94E-04            2.03E-04
  39.0  90.0            3.60E-04            4.62E-04            2.07E-04            2.50E-04
  38.0  90.0            4.63E-04            4.92E-04            2.54E-04            2.66E-04



