  26.0  30.0            0.00E+00            1.65E-08            0.00E+00            8.50E-08
  28.0  34.0            1.66E-08            3.01E-08            8.77E-08            1.13E-07
  28.0  35.0            3.02E-08            2.03E-07            1.15E-07            2.78E-07
  28.0  36.0            2.04E-07            4.96E-07            2.83E-07            8.56E-07
  28.0  40.0            4.97E-07            4.31E-06            9.10E-07            5.31E-06
  50.0  82.0            4.32E-06            8.91E-05            5.84E-06            5.85E-05
  50.0  86.0            8.92E-05            9.98E-05            6.03E-05            6.54E-05
  46.0  86.0            9.99E-05            1.18E-04            6.64E-05            7.83E-05
  43.0  82.0            1.19E-04            1.40E-04            7.96E-05            8.95E-05
  42.0  82.0            1.41E-04            1.65E-04            9.18E-05            1.03E-04
  41.0  82.0            1.66E-04            1.77E-04            1.05E-04            1.11E-04
  40.0  82.0            1.78E-04            2.24E-04            1.13E-04            1.34E-04
  39.0  82.0            2.25E-04            2.88E-04            1.37E-04            1.64E-04
  38.0  82.0            2.89E-04            2.89E-04            1.67E-04            1.67E-04
  40.0  90.0            2.90E-04            3.23E-04            1.73E-04            1.88E-04
  39.0  90.0            3.24E-04            3.78E-04            1.91E-04            2.15E-04
  38.0  90.0            3.79E-04            4.34E-04            2.19E-04            2.43E-04
  38.0  97.0            4.35E-04            4.83E-04            2.56E-04            2.77E-04
  