  26.0  30.0            0.00E+00            6.11E-08            0.00E+00            2.99E-07
  28.0  34.0            6.12E-08            9.89E-08            3.08E-07            3.78E-07
  28.0  35.0            9.90E-08            6.71E-07            3.85E-07            9.26E-07
  28.0  36.0            6.72E-07            1.14E-06            9.41E-07            1.21E-06
  28.0  40.0            1.15E-06            5.09E-06            1.30E-06            5.27E-06
  50.0  82.0            5.10E-06            8.99E-05            5.79E-06            5.69E-05
  50.0  86.0            9.00E-05            9.95E-05            5.86E-05            6.49E-05
  46.0  86.0            9.96E-05            1.23E-04            6.59E-05            8.03E-05
  43.0  82.0            1.24E-04            1.41E-04            8.16E-05            8.80E-05
  42.0  82.0            1.42E-04            1.73E-04            8.97E-05            1.07E-04
  41.0  82.0            1.74E-04            1.77E-04            1.09E-04            1.10E-04
  40.0  82.0            1.78E-04            2.25E-04            1.12E-04            1.33E-04
  39.0  82.0            2.26E-04            2.88E-04            1.35E-04            1.64E-04
  38.0  82.0            2.89E-04            2.89E-04            1.67E-04            1.67E-04
  40.0  90.0            2.90E-04            3.27E-04            1.72E-04            1.89E-04
  39.0  90.0            3.28E-04            3.78E-04            1.93E-04            2.14E-04
  38.0  90.0            3.79E-04            4.30E-04            2.18E-04            2.39E-04
  38.0  97.0            4.31E-04            4.84e-04            2.53E-04            2.76E-04
  