  26.0  30.0            0.00E+00            3.85E-07            0.00E+00            2.58E-06
  39.0  50.0            3.86E-07            3.69E-06            2.80E-06            7.29E-06
  38.0  50.0            3.70E-06            6.28E-06            7.40E-06            9.46E-06
  37.0  50.0            6.29E-06            1.44E-05            9.60E-06            1.42E-05
  36.0  50.0            1.45E-05            3.02E-05            1.45E-05            2.07E-05
  35.0  50.0            3.03E-05            3.26E-05            2.10E-05            2.18E-05
  34.0  50.0            3.27E-05            5.08E-05            2.22E-05            2.76E-05
  33.0  50.0            5.09E-05            7.06E-05            2.81E-05            3.30E-05
  32.0  50.0            7.07E-05            7.51E-05            3.36E-05            3.46E-05
  49.0  82.0            7.52E-05            1.41E-04            3.63E-05            4.95E-05
  46.0  82.0            1.42E-04            1.52E-04            5.16E-05            5.34E-05
  45.0  82.0            1.53E-04            1.86E-04            5.43E-05            5.98E-05
  43.0  82.0            1.87E-04            2.19E-04            6.17E-05            6.68E-05
  42.0  82.0            2.20E-04            2.39E-04            6.79E-05            7.08E-05
  41.0  82.0            2.40E-04            3.24E-04            7.21E-05            1.58E-04
  40.0  82.0            3.25E-04            3.64E-04            1.61E-04            1.73E-04
  42.0  89.0            3.65E-04            4.16E-04            1.78E-04            1.92E-04
  40.0  90.0            4.17E-04            4.85E-04            2.00E-04            2.18E-04
  39.0  90.0            4.86E-04            5.44E-04            2.22E-04            2.35E-04
  38.0  90.0            5.45E-04            5.69E-04            2.39E-04            2.45E-04


