  42.0  48.0            0.00E+00            1.13E-05            0.00E+00            1.09E-04
  41.0  50.0            1.14E-05            2.70E-03            1.12E-04            1.08E-03
  38.0  54.0            2.71E-03            2.90E-03            1.18E-03            1.22E-03
  37.0  56.0            2.91E-03            5.59E-03            1.26E-03            1.73E-03
  35.0  56.0            5.60E-03            6.72E-03            1.79E-03            1.96E-03
  63.0 110.0            6.73E-03            9.54E-03            2.10E-03            2.49E-03
  60.0 115.0            9.55E-03            1.09E-02            2.64E-03            2.81E-03
  60.0 116.0            1.09E-02            1.17E-02            2.83E-03            2.93E-03
  64.0 146.0            1.18E-02            1.55E-02            3.30E-03            3.76E-03



