  26.0  30.0            0.00E+00            9.39E-06            0.00E+00            1.67E-05
  26.0  32.0            9.40E-06            1.66E-05            1.73E-05            2.26E-05
  38.0  50.0            1.67E-05            3.62E-05            2.37E-05            3.42E-05
  37.0  50.0            3.63E-05            3.71E-05            3.48E-05            3.51E-05
  37.0  52.0            3.72E-05            6.00E-05            3.60E-05            4.53E-05
  50.0  82.0            6.01E-05            3.70E-04            5.01E-05            1.21E-04
  48.0  82.0            3.71E-04            3.75E-04            1.25E-04            1.25E-04
  47.0  82.0            3.76E-04            4.03E-04            1.27E-04            1.32E-04
  46.0  82.0            4.04E-04            4.22E-04            1.33E-04            1.36E-04
  47.0  86.0            4.23E-04            4.41E-04            1.39E-04            1.42E-04
  46.0  86.0            4.42E-04            5.21E-04            1.44E-04            1.56E-04
  45.0  86.0            5.22E-04            5.57E-04            1.58E-04            1.64E-04
  45.0  87.0            5.58E-04            5.67E-04            1.65E-04            1.66E-04
  40.0  83.0            5.68E-04            6.99E-04            1.74E-04            1.93E-04
  40.0  87.0            7.00E-04            7.31E-04            1.99E-04            2.04E-04
  39.0  86.0            7.32E-04            7.42E-04            2.06E-04            2.07E-04
  40.0  95.0            7.43E-04            8.22E-04            2.18E-04            2.30E-04
  39.0  97.0            8.23E-04            8.58E-04            2.37E-04            2.42E-04

