  26.0  30.0            0.00E+00            3.21E-07            0.00E+00            1.23E-06
  28.0  34.0            3.22E-07            4.08E-07            1.27E-06            1.40E-06
  28.0  35.0            4.09E-07            2.35E-06            1.43E-06            3.18E-06
  28.0  36.0            2.36E-06            3.93E-06            3.24E-06            4.14E-06
  28.0  40.0            3.94E-06            1.15E-05            4.40E-06            7.41E-06
  50.0  82.0            1.16E-05            9.91E-05            8.14E-06            6.06E-05
  50.0  86.0            9.92E-05            1.08E-04            6.25E-05            6.56E-05
  46.0  86.0            1.09E-04            1.44E-04            6.82E-05            8.08E-05
  43.0  82.0            1.45E-04            1.50E-04            8.21E-05            8.35E-05
  42.0  82.0            1.51E-04            1.72E-04            8.50E-05            9.06E-05
  41.0  82.0            1.73E-04            1.88E-04            9.23E-05            1.13E-04
  40.0  82.0            1.89E-04            2.35E-04            1.15E-04            1.31E-04
  39.0  82.0            2.36E-04            2.94E-04            1.33E-04            1.65E-04
  40.0  90.0            2.95E-04            3.49E-04            1.74E-04            1.92E-04
  39.0  90.0            3.50E-04            3.94E-04            1.96E-04            2.09E-04
  38.0  90.0            3.95E-04            4.21E-04            2.13E-04            2.20E-04
  39.0  95.0            4.22E-04            4.37E-04            2.25E-04            2.29E-04
  38.0  97.0            4.38E-04            4.95E-04            2.49E-04            2.76E-04  



