  26.0  30.0            0.00E+00            6.13E-07            0.00E+00            3.71E-06
  39.0  50.0            6.14E-07            5.92E-06            4.04E-06            1.06E-05
  38.0  50.0            5.93E-06            8.75E-06            1.08E-05            1.29E-05
  37.0  50.0            8.76E-06            1.82E-05            1.31E-05            1.85E-05
  36.0  50.0            1.83E-05            4.15E-05            1.89E-05            2.80E-05
  35.0  50.0            4.16E-05            4.47E-05            2.85E-05            2.95E-05
  34.0  50.0            4.48E-05            6.86E-05            3.01E-05            3.70E-05
  33.0  50.0            6.87E-05            9.45E-05            3.77E-05            4.41E-05
  32.0  50.0            9.46E-05            9.60E-05            4.49E-05            4.53E-05
  49.0  82.0            9.61E-05            1.89E-04            4.75E-05            6.62E-05
  46.0  82.0            1.90E-04            2.07E-04            6.91E-05            7.20E-05
  45.0  82.0            2.08E-04            2.54E-04            7.32E-05            8.08E-05
  43.0  82.0            2.55E-04            3.00E-04            8.34E-05            9.03E-05
  42.0  82.0            3.01E-04            3.29E-04            9.19E-05            9.60E-05
  41.0  82.0            3.30E-04            3.64E-04            9.77E-05            1.03E-04
  40.0  82.0            3.65E-04            3.85E-04            1.04E-04            1.07E-04
  42.0  89.0            3.86E-04            4.15E-04            1.10E-04            1.14E-04
  40.0  87.0            4.16E-04            4.32E-04            1.16E-04            1.18E-04
  40.0  90.0            4.33E-04            5.26E-04            1.21E-04            2.46E-04
  39.0  90.0            5.27E-04            6.17E-04            2.51E-04            2.80E-04
  38.0  90.0            6.18E-04            6.29E-04            2.86E-04            2.89E-04

