  27.0  31.0            0.00E+00            1.16E-06            0.00E+00            1.41E-05
  28.0  34.0            1.17E-06            1.72E-06            1.46E-05            1.66E-05
  28.0  35.0            1.73E-06            4.44E-06            1.69E-05            2.38E-05
  38.0  50.0            4.45E-06            9.23E-05            2.53E-05            9.42E-05
  36.0  49.0            9.24E-05            1.50E-04            9.59E-05            1.21E-04
  33.0  46.0            1.51E-04            2.59E-04            1.22E-04            1.59E-04
  34.0  51.0            2.60E-04            3.09E-04            1.66E-04            1.81E-04
  50.0  82.0            3.10E-04            6.16E-04            1.93E-04            2.69E-04
  49.0  82.0            6.17E-04            9.53E-04            2.72E-04            3.37E-04
  47.0  82.0            9.54E-04            1.07E-03            3.46E-04            3.65E-04
  47.0  82.0            1.07E-03            1.06E-03            3.70E-04            3.64E-04
  46.0  82.0            1.07E-03            1.36E-03            3.70E-04            4.17E-04
  45.0  83.0            1.37E-03            1.44E-03            4.27E-04            4.38E-04
  45.0  84.0            1.45E-03            1.47E-03            4.43E-04            4.46E-04
  43.0  83.0            1.48E-03            1.65E-03            4.57E-04            4.82E-04
  41.0  82.0            1.66E-03            1.68E-03            4.94E-04            4.97E-04
  43.0  89.0            1.69E-03            2.20E-03            5.11E-04            5.81E-04
  40.0  90.0            2.21E-03            2.45E-03            6.16E-04            6.48E-04
  40.0  95.0            2.46E-03            2.51E-03            6.75E-04            6.81E-04

